,id,age,bp,sg,al,su,rbc,pc,pcc,ba,bgr,bu,sc,sod,pot,hemo,pcv,wc,rc,htn,dm,cad,appet,pe,ane,classification
0,0.0,48.0,80.0,1.02,1.0,0.0,2.0,1.0,0.0,0.0,121.0,36.0,1.2,133.7,4.27,15.4,44.0,7800.0,5.2,1.0,1.0,0.0,1.0,0.0,0.0,1
1,1.0,7.0,50.0,1.02,4.0,0.0,2.0,1.0,0.0,0.0,193.6,18.0,0.8,131.7,4.14,11.3,38.0,6000.0,4.2299999999999995,0.0,0.0,0.0,1.0,0.0,0.0,1
2,2.0,62.0,80.0,1.01,2.0,3.0,1.0,1.0,0.0,0.0,423.0,53.0,1.8,134.3,4.590000000000001,9.6,31.0,7500.0,4.1,0.0,1.0,0.0,0.0,0.0,1.0,1
3,3.0,48.0,70.0,1.005,4.0,0.0,1.0,0.0,1.0,0.0,117.0,56.0,3.8,111.0,2.5,11.2,32.0,6700.0,3.9,1.0,0.0,0.0,0.0,1.0,1.0,1
4,4.0,51.0,80.0,1.01,2.0,0.0,1.0,1.0,0.0,0.0,106.0,26.0,1.4,132.7,4.32,11.6,35.0,7300.0,4.6,0.0,0.0,0.0,1.0,0.0,0.0,1
5,5.0,60.0,90.0,1.015,3.0,0.0,2.0,2.0,0.0,0.0,74.0,25.0,1.1,142.0,3.2,12.2,39.0,7800.0,4.4,1.0,1.0,0.0,1.0,1.0,0.0,1
6,6.0,68.0,70.0,1.01,0.0,0.0,2.0,1.0,0.0,0.0,100.0,54.0,24.0,104.0,4.0,12.4,36.0,7810.0,4.220000000000001,0.0,0.0,0.0,1.0,0.0,0.0,1
7,7.0,24.0,77.0,1.015,2.0,4.0,1.0,0.0,0.0,0.0,410.0,31.0,1.1,135.3,4.39,12.4,44.0,6900.0,5.0,0.0,1.0,0.0,1.0,1.0,0.0,1
8,8.0,52.0,100.0,1.015,3.0,0.0,1.0,0.0,1.0,0.0,138.0,60.0,1.9,131.9,4.569999999999999,10.8,33.0,9600.0,4.0,1.0,1.0,0.0,1.0,0.0,1.0,1
9,9.0,53.0,90.0,1.02,2.0,0.0,0.0,0.0,1.0,0.0,70.0,107.0,7.2,114.0,3.7,9.5,29.0,12100.0,3.7,1.0,1.0,0.0,0.0,0.0,1.0,1
10,10.0,50.0,60.0,1.01,2.0,4.0,2.0,0.0,1.0,0.0,490.0,55.0,4.0,133.5,4.33,9.4,28.0,7180.0,4.15,1.0,1.0,0.0,1.0,0.0,1.0,1
11,11.0,63.0,70.0,1.01,3.0,0.0,0.0,0.0,1.0,0.0,380.0,60.0,2.7,131.0,4.2,10.8,32.0,4500.0,3.8,1.0,1.0,0.0,0.0,1.0,0.0,1
12,12.0,68.0,70.0,1.015,3.0,1.0,2.0,1.0,1.0,0.0,208.0,72.0,2.1,138.0,5.8,9.7,28.0,12200.0,3.4,1.0,1.0,1.0,0.0,1.0,0.0,1
13,13.0,68.0,70.0,1.014,2.1,0.4,2.0,2.0,0.0,0.0,98.0,86.0,4.6,135.0,3.4,9.8,33.3,8740.0,3.8400000000000007,1.0,1.0,1.0,0.0,1.0,0.0,1
14,14.0,68.0,80.0,1.01,3.0,2.0,1.0,0.0,1.0,1.0,157.0,90.0,4.1,130.0,6.4,5.6,16.0,11000.0,2.6,1.0,1.0,1.0,0.0,1.0,0.0,1
15,15.0,40.0,80.0,1.015,3.0,0.0,2.0,1.0,0.0,0.0,76.0,162.0,9.6,141.0,4.9,7.6,24.0,3800.0,2.8,1.0,0.0,0.0,1.0,0.0,1.0,1
16,16.0,47.0,70.0,1.015,2.0,0.0,2.0,1.0,0.0,0.0,99.0,46.0,2.2,138.0,4.1,12.6,34.8,7560.0,4.3,0.0,0.0,0.0,1.0,0.0,0.0,1
17,17.0,47.0,80.0,1.013,2.3,0.2,2.0,2.0,0.0,0.0,114.0,87.0,5.2,139.0,3.7,12.1,31.7,10120.0,3.7299999999999995,1.0,0.0,0.0,0.0,0.0,0.0,1
18,18.0,60.0,100.0,1.025,0.0,3.0,2.0,1.0,0.0,0.0,263.0,27.0,1.3,135.0,4.3,12.7,37.0,11400.0,4.3,1.0,1.0,1.0,1.0,0.0,0.0,1
19,19.0,62.0,60.0,1.015,1.0,0.0,2.0,0.0,1.0,0.0,100.0,31.0,1.6,132.3,4.470000000000001,10.3,30.0,5300.0,3.7,1.0,0.0,1.0,1.0,0.0,0.0,1
20,20.0,61.0,80.0,1.015,2.0,0.0,0.0,0.0,0.0,0.0,173.0,148.0,3.9,135.0,5.2,7.7,24.0,9200.0,3.2,1.0,1.0,1.0,0.0,1.0,1.0,1
21,21.0,60.0,90.0,1.0115,1.8,0.4,2.0,2.0,0.0,0.0,194.6,180.0,76.0,4.5,4.57,10.9,32.0,6200.0,3.6,1.0,1.0,1.0,1.0,0.0,0.0,1
22,22.0,48.0,80.0,1.025,4.0,0.0,1.0,0.0,0.0,0.0,95.0,163.0,7.7,136.0,3.8,9.8,32.0,6900.0,3.4,1.0,0.0,0.0,1.0,0.0,1.0,1
23,23.0,21.0,70.0,1.01,0.0,0.0,2.0,1.0,0.0,0.0,169.7,90.1,4.619999999999999,131.6,3.9200000000000004,10.930000000000001,33.6,7060.0,4.140000000000001,0.0,0.0,0.0,0.0,0.0,1.0,1
24,24.0,42.0,100.0,1.015,4.0,0.0,1.0,0.0,0.0,1.0,179.9,50.0,1.4,129.0,4.0,11.1,39.0,8300.0,4.6,1.0,0.0,0.0,0.0,0.0,0.0,1
25,25.0,61.0,60.0,1.025,0.0,0.0,2.0,1.0,0.0,0.0,108.0,75.0,1.9,141.0,5.2,9.9,29.0,8400.0,3.7,1.0,1.0,0.0,1.0,0.0,1.0,1
26,26.0,75.0,80.0,1.015,0.0,0.0,2.0,1.0,0.0,0.0,156.0,45.0,2.4,140.0,3.4,11.6,35.0,10300.0,4.0,1.0,1.0,0.0,0.0,0.0,0.0,1
27,27.0,69.0,70.0,1.01,3.0,4.0,1.0,0.0,0.0,0.0,264.0,87.0,2.7,130.0,4.0,12.5,37.0,9600.0,4.1,1.0,1.0,1.0,1.0,1.0,0.0,1
28,28.0,75.0,70.0,1.0124999999999997,1.0,3.0,2.0,2.0,0.0,0.0,123.0,31.0,1.4,135.1,4.07,11.850000000000001,35.5,7550.0,4.0600000000000005,0.0,1.0,0.0,1.0,0.0,0.0,1
29,29.0,68.0,70.0,1.005,1.0,0.0,0.0,0.0,1.0,0.0,144.7,28.0,1.4,136.5,4.08,12.9,38.0,9370.0,4.23,0.0,0.0,1.0,1.0,0.0,0.0,1
30,30.0,51.6,70.0,1.0134999999999998,2.5,0.6,2.0,2.0,0.0,0.0,93.0,155.0,7.3,132.0,4.9,9.889999999999999,29.3,7920.0,3.3899999999999997,1.0,1.0,0.0,1.0,0.0,0.0,1
31,31.0,73.0,90.0,1.015,3.0,0.0,2.0,0.0,1.0,0.0,107.0,33.0,1.5,141.0,4.6,10.1,30.0,7800.0,4.0,0.0,0.0,0.0,0.0,0.0,0.0,1
32,32.0,61.0,90.0,1.01,1.0,1.0,2.0,1.0,0.0,0.0,159.0,39.0,1.5,133.0,4.9,11.3,34.0,9600.0,4.0,1.0,1.0,0.0,0.0,0.0,0.0,1
33,33.0,60.0,100.0,1.02,2.0,0.0,0.0,0.0,0.0,0.0,140.0,55.0,2.5,136.1,4.58,10.1,29.0,9800.0,3.87,1.0,0.0,0.0,0.0,0.0,0.0,1
34,34.0,70.0,70.0,1.01,1.0,0.0,1.0,2.0,1.0,1.0,171.0,153.0,5.2,132.9,4.9,9.59,29.0,9110.0,3.55,0.0,1.0,0.0,0.0,0.0,0.0,1
35,35.0,65.0,90.0,1.02,2.0,1.0,0.0,1.0,0.0,0.0,270.0,39.0,2.0,136.2,4.54,12.0,36.0,9800.0,4.9,1.0,1.0,0.0,0.0,0.0,1.0,1
36,36.0,76.0,70.0,1.015,1.0,0.0,1.0,1.0,0.0,0.0,92.0,29.0,1.8,133.0,3.9,10.3,32.0,8300.0,4.110000000000001,1.0,0.0,0.0,1.0,0.0,0.0,1
37,37.0,72.0,80.0,1.0135,1.8,0.3,2.0,2.0,0.0,0.0,137.0,65.0,3.4,141.0,4.7,9.7,28.0,6900.0,2.5,1.0,1.0,0.0,0.0,0.0,1.0,1
38,38.0,69.0,80.0,1.02,3.0,0.0,0.0,1.0,0.0,0.0,156.0,103.0,4.1,132.0,5.9,12.5,30.6,10880.0,3.7300000000000004,1.0,0.0,0.0,1.0,0.0,0.0,1
39,39.0,82.0,80.0,1.01,2.0,2.0,1.0,2.0,0.0,0.0,140.0,70.0,3.4,136.0,4.2,13.0,40.0,9800.0,4.2,1.0,1.0,0.0,1.0,0.0,0.0,1
40,40.0,46.0,90.0,1.01,2.0,0.0,1.0,0.0,0.0,0.0,99.0,80.0,2.1,132.6,4.360000000000001,11.1,32.0,9100.0,4.1,1.0,0.0,0.0,1.0,0.0,0.0,1
41,41.0,45.0,70.0,1.01,0.0,0.0,2.0,1.0,0.0,0.0,181.6,20.0,0.7,136.2,4.250000000000001,11.68,35.7,8870.0,4.39,0.0,0.0,0.0,1.0,1.0,0.0,1
42,42.0,47.0,100.0,1.01,0.0,0.0,2.0,1.0,0.0,0.0,204.0,29.0,1.0,139.0,4.2,9.7,33.0,9200.0,4.5,1.0,0.0,0.0,1.0,0.0,1.0,1
43,43.0,35.0,80.0,1.01,1.0,0.0,0.0,2.0,0.0,0.0,79.0,202.0,10.8,134.0,3.4,7.9,24.0,7900.0,3.1,0.0,1.0,0.0,1.0,0.0,0.0,1
44,44.0,54.0,80.0,1.01,3.0,0.0,0.0,0.0,0.0,0.0,207.0,77.0,6.3,134.0,4.8,9.7,28.0,9640.0,3.8899999999999997,1.0,1.0,0.0,0.0,1.0,0.0,1
45,45.0,54.0,80.0,1.02,3.0,0.0,2.0,0.0,0.0,0.0,208.0,89.0,5.9,130.0,4.9,9.3,30.7,9640.0,3.8899999999999997,1.0,1.0,0.0,0.0,1.0,0.0,1
46,46.0,48.0,70.0,1.015,0.0,0.0,2.0,1.0,0.0,0.0,124.0,24.0,1.2,142.0,4.2,12.4,37.0,6400.0,4.7,0.0,1.0,0.0,1.0,0.0,0.0,1
47,47.0,11.0,80.0,1.01,3.0,0.0,2.0,1.0,0.0,0.0,194.3,17.0,0.8,134.7,4.1,15.0,45.0,8600.0,5.1,0.0,0.0,0.0,1.0,0.0,0.0,1
48,48.0,73.0,70.0,1.005,0.0,0.0,1.0,1.0,0.0,0.0,70.0,32.0,0.9,125.0,4.0,10.0,29.0,18900.0,3.5,1.0,1.0,0.0,1.0,1.0,0.0,1
49,49.0,60.0,70.0,1.01,2.0,0.0,1.0,0.0,1.0,0.0,144.0,72.0,3.0,136.0,4.54,9.7,29.0,21600.0,3.5,1.0,1.0,0.0,0.0,0.0,1.0,1
50,50.0,53.0,60.0,1.0130000000000001,1.7,0.2,2.0,2.0,0.0,0.0,91.0,114.0,3.25,142.0,4.3,8.6,28.0,11000.0,3.8,1.0,1.0,0.0,0.0,1.0,1.0,1
51,51.0,54.0,100.0,1.015,3.0,0.0,2.0,1.0,1.0,0.0,162.0,66.0,1.6,136.0,4.4,10.3,33.0,9820.0,4.07,1.0,1.0,0.0,0.0,1.0,0.0,1
52,52.0,53.0,90.0,1.015,0.0,0.0,2.0,1.0,0.0,0.0,200.1,38.0,2.2,134.4,4.550000000000001,10.9,34.0,4300.0,3.7,0.0,0.0,0.0,0.0,0.0,1.0,1
53,53.0,62.0,80.0,1.015,0.0,5.0,2.0,2.0,0.0,0.0,246.0,24.0,1.0,136.0,4.619999999999999,13.6,40.0,8500.0,4.7,1.0,1.0,0.0,1.0,0.0,0.0,1
54,54.0,63.0,80.0,1.01,2.0,2.0,1.0,2.0,0.0,0.0,162.9,76.2,3.4,136.0,4.2,13.0,40.0,9800.0,4.2,1.0,0.0,1.0,1.0,0.0,0.0,1
55,55.0,35.0,80.0,1.005,3.0,0.0,0.0,1.0,0.0,0.0,177.5,80.0,4.49,135.7,4.3100000000000005,9.5,28.0,9340.0,3.8,0.0,0.0,0.0,1.0,1.0,0.0,1
56,56.0,76.0,70.0,1.015,3.0,4.0,1.0,0.0,1.0,0.0,176.3,164.0,9.7,131.0,4.4,10.2,30.0,11300.0,3.4,1.0,1.0,1.0,0.0,1.0,0.0,1
57,57.0,76.0,90.0,1.0135,2.9,0.6,2.0,1.0,0.0,0.0,93.0,155.0,7.3,132.0,4.9,9.34,28.3,7340.0,3.4,1.0,1.0,1.0,0.0,0.0,0.0,1
58,58.0,73.0,80.0,1.02,2.0,0.0,0.0,0.0,0.0,0.0,253.0,142.0,4.6,138.0,5.8,10.5,33.0,7200.0,4.3,1.0,1.0,1.0,1.0,0.0,0.0,1
59,59.0,59.0,100.0,1.0145,2.3,0.2,2.0,2.0,0.0,0.0,179.5,96.0,6.4,134.3,4.85,6.6,29.2,10210.0,3.59,1.0,1.0,0.0,1.0,0.0,1.0,1
60,60.0,67.0,90.0,1.02,1.0,0.0,2.0,0.0,1.0,0.0,141.0,66.0,3.2,138.0,6.6,10.69,34.0,9930.0,3.9899999999999998,1.0,0.0,0.0,1.0,0.0,0.0,1
61,61.0,67.0,80.0,1.01,1.0,3.0,1.0,0.0,0.0,0.0,182.0,391.0,32.0,163.0,39.0,10.73,29.2,10350.0,3.3899999999999997,0.0,0.0,0.0,1.0,1.0,0.0,1
62,62.0,15.0,60.0,1.02,3.0,0.0,2.0,1.0,0.0,0.0,86.0,15.0,0.6,138.0,4.0,11.0,33.0,7700.0,3.8,1.0,1.0,0.0,1.0,0.0,0.0,1
63,63.0,46.0,70.0,1.015,1.0,0.0,0.0,1.0,0.0,0.0,150.0,111.0,6.1,131.0,3.7,7.5,27.0,10640.0,3.5500000000000007,0.0,0.0,0.0,1.0,0.0,1.0,1
64,64.0,55.0,80.0,1.01,0.0,0.0,2.0,1.0,0.0,0.0,146.0,73.9,3.71,134.5,4.65,9.8,34.1,10170.0,3.8899999999999997,0.0,0.0,0.0,1.0,0.0,0.0,1
65,65.0,44.0,90.0,1.01,1.0,0.0,2.0,1.0,0.0,0.0,220.1,20.0,1.1,136.5,4.069999999999999,15.0,48.0,8120.0,4.65,0.0,0.0,0.0,1.0,0.0,0.0,1
66,66.0,67.0,70.0,1.02,2.0,0.0,0.0,1.0,0.0,0.0,150.0,55.0,1.6,131.0,4.8,10.99,33.6,10450.0,3.9300000000000006,1.0,1.0,0.0,1.0,1.0,0.0,1
67,67.0,45.0,80.0,1.02,3.0,0.0,1.0,0.0,0.0,0.0,425.0,57.6,3.2299999999999995,119.65,4.260000000000001,11.290000000000001,37.9,8910.0,4.15,0.0,0.0,0.0,0.0,0.0,0.0,1
68,68.0,65.0,70.0,1.01,2.0,0.0,2.0,1.0,1.0,0.0,112.0,73.0,3.3,135.1,4.68,10.9,37.0,10260.0,3.85,0.0,0.0,0.0,1.0,0.0,0.0,1
69,69.0,26.0,70.0,1.015,0.0,4.0,2.0,1.0,0.0,0.0,250.0,20.0,1.1,137.0,4.81,15.6,52.0,6900.0,6.0,0.0,1.0,0.0,1.0,0.0,0.0,1
70,70.0,61.0,80.0,1.015,0.0,4.0,2.0,1.0,0.0,0.0,360.0,19.0,0.7,137.0,4.4,15.2,44.0,8300.0,5.2,1.0,1.0,0.0,1.0,0.0,0.0,1
71,71.0,46.0,60.0,1.01,1.0,0.0,1.0,1.0,0.0,0.0,163.0,92.0,3.3,141.0,4.0,9.8,28.0,14600.0,3.2,1.0,1.0,0.0,1.0,0.0,0.0,1
72,72.0,64.0,90.0,1.01,3.0,3.0,2.0,0.0,1.0,0.0,266.8,35.0,1.3,134.3,4.25,10.3,38.1,8340.0,4.500000000000001,1.0,1.0,0.0,1.0,1.0,0.0,1
73,73.0,55.9,100.0,1.015,2.0,0.0,0.0,0.0,0.0,0.0,129.0,107.0,6.7,132.0,4.4,4.8,14.0,6300.0,4.62,1.0,0.0,0.0,1.0,1.0,1.0,1
74,74.0,56.0,90.0,1.015,2.0,0.0,0.0,0.0,0.0,0.0,129.0,107.0,6.7,131.0,4.8,9.1,29.0,6400.0,3.4,1.0,0.0,0.0,1.0,0.0,0.0,1
75,75.0,5.0,71.0,1.015,1.0,0.0,2.0,1.0,0.0,0.0,167.2,16.0,0.7,138.0,3.2,8.1,40.2,8380.0,4.630000000000001,0.0,0.0,0.0,1.0,0.0,1.0,1
76,76.0,48.0,80.0,1.005,4.0,0.0,0.0,0.0,0.0,1.0,133.0,139.0,8.5,132.0,5.5,10.3,36.0,6200.0,4.0,0.0,1.0,0.0,1.0,1.0,0.0,1
77,77.0,67.0,70.0,1.01,1.0,0.0,2.0,1.0,0.0,0.0,102.0,48.0,3.2,137.0,5.0,11.9,34.0,7100.0,3.7,1.0,1.0,0.0,1.0,1.0,0.0,1
78,78.0,70.0,80.0,1.0130000000000003,1.2,0.2,2.0,2.0,0.0,0.0,158.0,85.0,3.2,141.0,3.5,10.1,30.0,10530.0,3.85,1.0,0.0,0.0,1.0,1.0,0.0,1
79,79.0,56.0,80.0,1.01,1.0,0.0,2.0,1.0,0.0,0.0,165.0,55.0,1.8,135.2,4.460000000000001,13.5,40.0,11800.0,5.0,1.0,1.0,0.0,0.0,1.0,0.0,1
80,80.0,74.0,80.0,1.01,0.0,0.0,2.0,1.0,0.0,0.0,132.0,98.0,2.8,133.0,5.0,10.8,31.0,9400.0,3.8,1.0,1.0,0.0,1.0,0.0,0.0,1
81,81.0,45.0,90.0,1.0125,1.7,0.6,2.0,2.0,0.0,0.0,360.0,45.0,2.4,128.0,4.4,8.3,29.0,5500.0,3.7,1.0,1.0,0.0,1.0,0.0,0.0,1
82,82.0,38.0,70.0,1.0125000000000002,1.5,0.2,2.0,2.0,0.0,0.0,104.0,77.0,1.9,140.0,3.9,10.829999999999998,33.2,8960.0,4.0,1.0,0.0,0.0,0.0,1.0,0.0,1
83,83.0,48.0,70.0,1.015,1.0,0.0,1.0,1.0,0.0,0.0,127.0,19.0,1.0,134.0,3.6,11.84,38.9,8630.0,4.37,1.0,1.0,0.0,1.0,0.0,0.0,1
84,84.0,59.0,70.0,1.01,3.0,0.0,1.0,0.0,0.0,0.0,76.0,186.0,15.0,135.0,7.6,7.1,22.0,3800.0,2.1,1.0,0.0,0.0,0.0,1.0,1.0,1
85,85.0,70.0,70.0,1.015,2.0,0.5,2.0,2.0,0.0,0.0,162.2,46.0,1.5,136.2,4.22,9.9,37.4,8860.0,4.550000000000001,0.0,1.0,0.0,0.0,1.0,0.0,1
86,86.0,56.0,80.0,1.0135,1.6,1.0,2.0,2.0,0.0,0.0,415.0,37.0,1.9,132.6,4.23,11.41,38.0,8540.0,4.369999999999999,0.0,1.0,0.0,1.0,0.0,0.0,1
87,87.0,70.0,100.0,1.005,1.0,0.0,1.0,0.0,1.0,0.0,169.0,47.0,2.9,135.5,4.58,11.1,32.0,5800.0,5.0,1.0,1.0,0.0,0.0,0.0,0.0,1
88,88.0,58.0,110.0,1.01,4.0,0.0,2.0,1.0,0.0,0.0,251.0,52.0,2.2,136.4,4.709999999999999,10.23,34.4,13200.0,4.7,1.0,1.0,0.0,1.0,0.0,0.0,1
89,89.0,50.0,70.0,1.02,0.0,0.0,2.0,1.0,0.0,0.0,109.0,32.0,1.4,139.0,4.7,11.760000000000002,39.8,9380.0,4.26,0.0,0.0,0.0,0.0,0.0,0.0,1
90,90.0,63.0,100.0,1.01,2.0,2.0,1.0,1.0,0.0,1.0,280.0,35.0,3.2,143.0,3.5,13.0,40.0,9800.0,4.2,1.0,0.0,1.0,1.0,0.0,0.0,1
91,91.0,56.0,70.0,1.015,4.0,1.0,0.0,1.0,0.0,0.0,210.0,26.0,1.7,136.0,3.8,16.1,52.0,12500.0,5.6,0.0,0.0,0.0,1.0,0.0,0.0,1
92,92.0,71.0,70.0,1.01,3.0,0.0,1.0,0.0,1.0,1.0,219.0,82.0,3.6,133.0,4.4,10.4,33.0,5600.0,3.6,1.0,1.0,1.0,1.0,0.0,0.0,1
93,93.0,73.0,100.0,1.01,3.0,2.0,0.0,0.0,1.0,0.0,295.0,90.0,5.6,140.0,2.9,9.2,30.0,7000.0,3.2,1.0,1.0,1.0,0.0,0.0,0.0,1
94,94.0,65.0,70.0,1.01,0.0,0.0,2.0,1.0,0.0,0.0,93.0,66.0,1.6,137.0,4.5,11.6,36.0,11900.0,3.9,0.0,1.0,0.0,1.0,0.0,0.0,1
95,95.0,62.0,90.0,1.015,1.0,0.0,2.0,1.0,0.0,0.0,94.0,25.0,1.1,131.0,3.7,12.25,38.6,9660.0,4.18,1.0,0.0,0.0,1.0,1.0,1.0,1
96,96.0,60.0,80.0,1.01,1.0,1.0,2.0,1.0,0.0,0.0,172.0,32.0,2.7,136.5,4.04,11.2,36.0,9570.0,4.61,0.0,1.0,1.0,0.0,0.0,0.0,1
97,97.0,65.0,60.0,1.015,1.0,0.0,2.0,1.0,0.0,0.0,91.0,51.0,2.2,132.0,3.8,10.0,32.0,9100.0,4.0,1.0,1.0,0.0,0.0,1.0,0.0,1
98,98.0,50.0,140.0,1.0135,1.7,0.0,2.0,2.0,0.0,0.0,101.0,106.0,6.5,135.0,4.3,6.2,18.0,5800.0,2.3,1.0,1.0,0.0,0.0,0.0,1.0,1
99,99.0,56.0,180.0,1.0130000000000001,0.0,4.0,2.0,0.0,0.0,0.0,298.0,24.0,1.2,139.0,3.9,11.2,32.0,10400.0,4.2,1.0,1.0,0.0,0.0,1.0,0.0,1
100,100.0,34.0,70.0,1.015,4.0,0.0,0.0,0.0,0.0,0.0,153.0,22.0,0.9,133.0,3.8,12.01,39.6,10300.0,4.569999999999999,0.0,0.0,0.0,1.0,1.0,0.0,1
101,101.0,71.0,90.0,1.015,2.0,0.0,2.0,0.0,1.0,1.0,88.0,80.0,4.4,139.0,5.7,11.3,33.0,10700.0,3.9,0.0,0.0,0.0,1.0,0.0,0.0,1
102,102.0,17.0,60.0,1.01,0.0,0.0,2.0,1.0,0.0,0.0,92.0,32.0,2.1,141.0,4.2,13.9,52.0,7000.0,4.54,0.0,0.0,0.0,1.0,0.0,0.0,1
103,103.0,76.0,70.0,1.015,2.0,0.0,1.0,0.0,1.0,0.0,226.0,217.0,10.2,132.9,4.4799999999999995,10.2,36.0,12700.0,4.2,1.0,0.0,0.0,0.0,1.0,1.0,1
104,104.0,55.0,90.0,1.0125,0.9,0.2,2.0,2.0,0.0,0.0,143.0,88.0,2.0,135.9,4.71,9.86,29.4,8900.0,4.4799999999999995,1.0,1.0,0.0,0.0,1.0,0.0,1
105,105.0,65.0,80.0,1.015,0.0,0.0,2.0,1.0,0.0,0.0,115.0,32.0,11.5,139.0,4.0,14.1,42.0,6800.0,5.2,0.0,0.0,0.0,1.0,0.0,0.0,1
106,106.0,50.0,90.0,1.0130000000000001,1.3,0.2,2.0,2.0,0.0,0.0,89.0,118.0,6.1,127.0,4.4,6.0,17.0,6500.0,4.5600000000000005,1.0,1.0,0.0,1.0,1.0,1.0,1
107,107.0,55.0,100.0,1.015,1.0,4.0,1.0,2.0,0.0,0.0,297.0,53.0,2.8,139.0,4.5,11.2,34.0,13600.0,4.4,1.0,1.0,0.0,1.0,0.0,0.0,1
108,108.0,45.0,80.0,1.015,0.0,0.0,2.0,0.0,0.0,0.0,107.0,15.0,1.0,141.0,4.2,11.8,37.0,10200.0,4.2,0.0,0.0,0.0,1.0,0.0,0.0,1
109,109.0,54.0,70.0,1.0145,1.6,1.2,2.0,2.0,0.0,0.0,233.0,50.1,1.9,137.7,4.5200000000000005,11.7,39.0,9780.0,4.55,0.0,1.0,0.0,1.0,0.0,0.0,1
110,110.0,63.0,90.0,1.015,0.0,0.0,2.0,1.0,0.0,0.0,123.0,19.0,2.0,142.0,3.8,11.7,34.0,11400.0,4.7,0.0,0.0,0.0,1.0,0.0,0.0,1
111,111.0,65.0,80.0,1.01,3.0,3.0,2.0,1.0,0.0,0.0,294.0,71.0,4.4,128.0,5.4,10.0,32.0,9000.0,3.9,1.0,1.0,1.0,1.0,0.0,0.0,1
112,112.0,40.3,60.0,1.015,3.0,0.0,0.0,0.0,0.0,0.0,141.4,34.0,1.2,137.2,4.029999999999999,10.8,33.0,9860.0,4.300000000000001,0.0,0.0,0.0,1.0,0.0,0.0,1
113,113.0,61.0,90.0,1.015,0.0,2.0,2.0,1.0,0.0,0.0,183.5,37.510000000000005,1.6599999999999997,138.3,4.37,11.679999999999998,35.2,9800.0,4.44,0.0,1.0,0.0,0.0,0.0,1.0,1
114,114.0,12.0,60.0,1.015,3.0,0.0,0.0,0.0,1.0,0.0,149.4,51.0,1.8,137.2,4.05,12.1,35.4,10300.0,4.220000000000001,0.0,0.0,0.0,1.0,0.0,0.0,1
115,115.0,47.0,80.0,1.01,0.0,0.0,2.0,0.0,0.0,0.0,144.3,28.0,0.9,136.3,4.24,12.4,44.0,5600.0,4.3,0.0,0.0,0.0,1.0,0.0,1.0,1
116,116.0,45.5,70.0,1.015,4.0,0.0,0.0,1.0,0.0,0.0,104.0,16.0,0.5,136.9,3.8899999999999997,12.690000000000001,39.8,9750.0,4.27,0.0,0.0,0.0,1.0,1.0,0.0,1
117,117.0,51.1,70.0,1.02,0.0,0.0,2.0,2.0,0.0,0.0,219.0,36.0,1.3,139.0,3.7,12.5,37.0,9800.0,4.4,0.0,0.0,0.0,1.0,0.0,0.0,1
118,118.0,55.0,70.0,1.01,3.0,0.0,2.0,1.0,0.0,0.0,99.0,25.0,1.2,138.0,4.050000000000001,11.4,39.5,9000.0,4.27,0.0,0.0,0.0,0.0,1.0,0.0,1
119,119.0,60.0,70.0,1.01,0.0,0.0,2.0,1.0,0.0,0.0,140.0,27.0,1.2,136.9,4.040000000000001,12.26,38.2,9170.0,4.06,0.0,0.0,0.0,1.0,0.0,0.0,1
120,120.0,72.0,90.0,1.025,1.0,3.0,2.0,1.0,0.0,0.0,323.0,40.0,2.2,137.0,5.3,12.6,36.0,10570.0,4.1,0.0,1.0,1.0,0.0,0.0,0.0,1
121,121.0,54.0,60.0,1.0135,3.0,0.5,2.0,2.0,0.0,0.0,125.0,21.0,1.3,137.0,3.4,15.0,46.0,9170.0,4.14,1.0,1.0,0.0,1.0,1.0,0.0,1
122,122.0,34.0,70.0,1.014,1.6,0.9,2.0,2.0,0.0,0.0,204.9,219.0,12.2,130.0,3.8,6.0,26.7,9840.0,3.31,1.0,0.0,0.0,1.0,0.0,1.0,1
123,123.0,43.0,80.0,1.015,2.0,3.0,2.0,0.0,1.0,1.0,168.4,30.0,1.1,136.2,4.23,14.0,42.0,14900.0,3.6799999999999997,0.0,0.0,0.0,1.0,0.0,0.0,1
124,124.0,65.0,100.0,1.015,0.0,0.0,2.0,1.0,0.0,0.0,90.0,98.0,2.5,136.5,4.17,9.1,28.0,5500.0,3.6,1.0,0.0,0.0,1.0,0.0,0.0,1
125,125.0,72.0,90.0,1.014,1.7,1.6,2.0,2.0,0.0,0.0,308.0,36.0,2.5,131.0,4.3,11.66,36.6,10570.0,4.0,1.0,1.0,0.0,0.0,0.0,0.0,1
126,126.0,70.0,90.0,1.015,0.0,0.0,2.0,1.0,0.0,0.0,144.0,125.0,4.0,136.0,4.6,12.0,37.0,8200.0,4.5,1.0,1.0,0.0,0.0,1.0,0.0,1
127,127.0,71.0,60.0,1.015,4.0,0.0,1.0,1.0,0.0,0.0,118.0,125.0,5.3,136.0,4.9,11.4,35.0,15200.0,4.3,1.0,1.0,0.0,0.0,1.0,0.0,1
128,128.0,52.0,90.0,1.015,4.0,3.0,1.0,0.0,0.0,0.0,224.0,166.0,5.6,133.0,47.0,8.1,23.0,5000.0,2.9,1.0,1.0,0.0,1.0,0.0,1.0,1
129,129.0,75.0,70.0,1.025,1.0,0.0,2.0,1.0,0.0,0.0,158.0,49.0,1.4,135.0,4.7,11.1,35.4,8880.0,4.26,1.0,0.0,0.0,0.0,1.0,0.0,1
130,130.0,50.0,90.0,1.01,2.0,0.0,1.0,0.0,1.0,1.0,128.0,208.0,9.2,134.0,4.8,8.2,22.0,16300.0,2.7,0.0,0.0,0.0,0.0,1.0,1.0,1
131,131.0,5.0,50.0,1.01,0.0,0.0,2.0,1.0,0.0,0.0,135.1,25.0,0.6,133.8,3.8,11.8,36.0,12400.0,4.02,0.0,0.0,0.0,1.0,0.0,0.0,1
132,132.0,50.0,81.0,1.014,1.8,1.1,1.0,2.0,0.0,0.0,219.0,176.0,13.8,136.0,4.5,8.6,24.0,13200.0,2.7,1.0,0.0,0.0,1.0,1.0,1.0,1
133,133.0,70.0,100.0,1.015,4.0,0.0,1.0,1.0,0.0,0.0,118.0,125.0,5.3,136.0,4.9,12.0,37.0,8400.0,8.0,1.0,0.0,0.0,1.0,0.0,0.0,1
134,134.0,47.0,100.0,1.01,1.3,0.2,1.0,2.0,0.0,0.0,122.0,56.3,16.9,138.0,5.2,10.8,33.0,10200.0,3.8,0.0,1.0,0.0,1.0,0.0,0.0,1
135,135.0,48.0,80.0,1.015,0.0,2.0,2.0,1.0,0.0,0.0,214.0,24.0,1.3,140.0,4.0,13.2,39.0,10100.0,4.36,0.0,1.0,0.0,0.0,0.0,0.0,1
136,136.0,46.0,90.0,1.02,0.8,1.4,2.0,1.0,0.0,0.0,213.0,68.0,2.8,146.0,6.3,9.3,35.3,8790.0,4.24,1.0,1.0,0.0,1.0,0.0,0.0,1
137,137.0,45.0,60.0,1.01,2.0,0.0,1.0,0.0,1.0,0.0,268.0,86.0,4.0,134.0,5.1,10.0,29.0,9200.0,4.300000000000001,1.0,1.0,0.0,1.0,0.0,0.0,1
138,138.0,73.0,74.0,1.01,1.0,0.0,2.0,2.0,0.0,0.0,95.0,51.0,1.6,142.0,3.5,11.719999999999999,36.5,8970.0,4.1,0.0,0.0,0.0,1.0,0.0,0.0,1
139,139.0,41.0,70.0,1.015,2.0,0.0,2.0,0.0,0.0,1.0,191.5,68.0,2.8,132.0,4.1,11.1,33.0,9480.0,3.91,1.0,0.0,0.0,1.0,1.0,1.0,1
140,140.0,69.0,70.0,1.01,0.0,4.0,2.0,1.0,0.0,0.0,256.0,40.0,1.2,142.0,5.6,11.790000000000001,35.2,9730.0,4.01,0.0,0.0,0.0,1.0,0.0,0.0,1
141,141.0,67.0,70.0,1.01,1.0,0.0,1.0,1.0,0.0,0.0,164.4,106.0,6.0,137.0,4.9,6.1,19.0,6500.0,4.64,1.0,0.0,0.0,1.0,0.0,1.0,1
142,142.0,72.0,90.0,1.0150000000000001,1.7,0.4,2.0,2.0,0.0,0.0,84.0,145.0,7.1,135.0,5.3,10.25,31.7,9070.0,4.21,0.0,1.0,0.0,1.0,0.0,0.0,1
143,143.0,41.0,80.0,1.015,1.0,4.0,0.0,1.0,0.0,0.0,210.0,165.0,18.0,135.0,4.7,9.19,29.4,8390.0,3.5199999999999996,0.0,1.0,0.0,1.0,0.0,0.0,1
144,144.0,60.0,90.0,1.01,2.0,0.0,0.0,1.0,0.0,0.0,105.0,53.0,2.3,136.0,5.2,11.1,33.0,10500.0,4.1,0.0,0.0,0.0,1.0,0.0,0.0,1
145,145.0,57.0,90.0,1.015,5.0,0.0,0.0,0.0,0.0,1.0,196.9,322.0,13.0,126.0,4.8,8.0,24.0,4200.0,3.3,1.0,1.0,1.0,0.0,1.0,1.0,1
146,146.0,53.0,100.0,1.01,1.0,3.0,0.0,1.0,0.0,0.0,213.0,23.0,1.0,139.0,4.0,12.05,37.2,11280.0,4.430000000000001,0.0,1.0,0.0,1.0,0.0,0.0,1
147,147.0,60.0,60.0,1.01,3.0,1.0,1.0,0.0,1.0,0.0,288.0,36.0,1.7,130.0,3.0,7.9,25.0,15200.0,3.0,1.0,0.0,0.0,0.0,0.0,1.0,1
148,148.0,69.0,60.0,1.0154999999999998,1.0,0.7,2.0,2.0,0.0,0.0,171.0,26.0,48.1,137.2,4.29,11.24,36.4,7880.0,4.210000000000001,1.0,0.0,0.0,0.0,0.0,0.0,1
149,149.0,65.0,70.0,1.02,1.0,0.0,0.0,0.0,0.0,0.0,139.0,29.0,1.0,138.7,4.319999999999999,10.5,32.0,8330.0,4.01,1.0,0.0,0.0,1.0,1.0,0.0,1
150,150.0,8.0,60.0,1.025,3.0,0.0,1.0,1.0,0.0,0.0,78.0,27.0,0.9,136.4,3.79,12.3,41.0,6700.0,5.15,0.0,0.0,0.0,0.0,1.0,0.0,1
151,151.0,76.0,90.0,1.016,1.3,1.0,2.0,2.0,0.0,0.0,172.0,46.0,1.7,141.0,5.5,9.6,30.0,8640.0,4.0600000000000005,1.0,1.0,0.0,1.0,0.0,1.0,1
152,152.0,39.0,70.0,1.01,0.0,0.0,2.0,1.0,0.0,0.0,121.0,20.0,0.8,133.0,3.5,10.9,32.0,9770.0,4.0600000000000005,0.0,1.0,0.0,1.0,0.0,0.0,1
153,153.0,55.0,90.0,1.01,2.0,1.0,0.0,0.0,0.0,0.0,273.0,235.0,14.2,132.0,3.4,8.3,22.0,14600.0,2.9,1.0,1.0,0.0,0.0,1.0,1.0,1
154,154.0,56.0,90.0,1.005,4.0,3.0,0.0,0.0,0.0,0.0,242.0,132.0,16.4,140.0,4.2,8.4,26.0,8960.0,3.0,1.0,1.0,0.0,0.0,1.0,1.0,1
155,155.0,50.0,70.0,1.02,3.0,0.0,0.0,1.0,1.0,1.0,123.0,40.0,1.8,136.0,4.13,11.1,36.0,4700.0,4.46,0.0,0.0,0.0,1.0,0.0,0.0,1
156,156.0,66.0,90.0,1.015,2.0,0.0,2.0,1.0,0.0,1.0,153.0,76.0,3.3,138.2,4.75,10.53,32.9,8520.0,3.7399999999999998,0.0,0.0,0.0,0.0,0.0,0.0,1
157,157.0,62.0,70.0,1.025,3.0,0.0,1.0,0.0,0.0,0.0,122.0,42.0,1.7,136.0,4.7,12.6,39.0,7900.0,3.9,1.0,1.0,0.0,1.0,0.0,0.0,1
158,158.0,71.0,60.0,1.02,3.0,2.0,1.0,1.0,1.0,0.0,424.0,48.0,1.5,132.0,4.0,10.9,31.0,9850.0,4.3999999999999995,1.0,1.0,1.0,1.0,0.0,0.0,1
159,159.0,59.0,80.0,1.01,1.0,0.0,0.0,1.0,0.0,0.0,303.0,35.0,1.3,122.0,3.5,10.4,35.0,10900.0,4.3,0.0,1.0,0.0,0.0,0.0,0.0,1
160,160.0,81.0,60.0,1.0154999999999998,1.1,0.2,2.0,2.0,0.0,0.0,148.0,39.0,2.1,147.0,4.2,10.9,35.0,9400.0,2.4,1.0,1.0,1.0,0.0,1.0,0.0,1
161,161.0,62.0,79.0,1.015,3.0,0.0,0.0,2.0,0.0,0.0,203.2,61.1,7.969999999999999,137.9,4.44,14.3,42.0,10200.0,4.8,1.0,1.0,0.0,1.0,0.0,0.0,1
162,162.0,59.0,70.0,1.0150000000000001,1.0,1.7,2.0,2.0,0.0,0.0,204.0,34.0,1.5,124.0,4.1,9.8,37.0,6000.0,4.68,0.0,1.0,0.0,1.0,0.0,0.0,1
163,163.0,46.0,80.0,1.01,0.0,0.0,2.0,1.0,0.0,0.0,160.0,40.0,2.0,140.0,4.1,9.0,27.0,8100.0,3.2,1.0,0.0,0.0,0.0,0.0,1.0,1
164,164.0,14.0,75.0,1.015,0.0,0.0,2.0,2.0,0.0,0.0,192.0,15.0,0.8,137.0,4.2,14.3,40.0,9500.0,5.4,0.0,1.0,0.0,0.0,1.0,0.0,1
165,165.0,60.0,80.0,1.02,0.0,2.0,2.0,2.0,0.0,0.0,244.0,61.0,2.12,133.6,3.9199999999999995,11.209999999999999,35.4,9540.0,3.929999999999999,0.0,1.0,0.0,1.0,0.0,0.0,1
166,166.0,27.0,60.0,1.017,2.5,0.2,2.0,2.0,0.0,0.0,76.0,44.0,3.9,127.0,4.3,11.260000000000002,34.1,11630.0,3.9599999999999995,0.0,0.0,0.0,0.0,1.0,1.0,1
167,167.0,34.0,70.0,1.02,0.0,0.0,0.0,1.0,0.0,0.0,139.0,19.0,0.9,136.2,4.109999999999999,12.7,42.0,2200.0,3.7399999999999998,0.0,0.0,0.0,0.0,0.0,0.0,1
168,168.0,65.0,70.0,1.015,4.0,4.0,2.0,1.0,1.0,0.0,307.0,28.0,1.5,137.8,4.639999999999999,11.0,39.0,6700.0,5.14,1.0,1.0,0.0,1.0,0.0,0.0,1
169,169.0,51.2,70.0,1.01,0.0,2.0,2.0,1.0,0.0,0.0,220.0,68.0,2.8,134.5,4.76,8.7,27.0,7940.0,3.9899999999999998,1.0,1.0,0.0,1.0,0.0,1.0,1
170,170.0,66.0,70.0,1.015,2.0,5.0,2.0,1.0,0.0,0.0,447.0,41.0,1.7,131.0,3.9,12.5,33.0,9600.0,4.4,1.0,1.0,0.0,1.0,0.0,0.0,1
171,171.0,83.0,70.0,1.02,3.0,0.0,1.0,1.0,0.0,0.0,102.0,60.0,2.6,115.0,5.7,8.7,26.0,12800.0,3.1,1.0,0.0,0.0,0.0,0.0,1.0,1
172,172.0,62.0,80.0,1.01,1.0,2.0,2.0,2.0,0.0,0.0,309.0,113.0,2.9,130.0,2.5,10.6,34.0,12800.0,4.9,0.0,0.0,0.0,1.0,0.0,0.0,1
173,173.0,17.0,70.0,1.015,1.0,0.0,0.0,1.0,0.0,0.0,22.0,1.5,7.3,145.0,2.8,13.1,41.0,11200.0,4.37,0.0,0.0,0.0,1.0,0.0,0.0,1
174,174.0,54.0,70.0,1.014,1.7,0.5,2.0,2.0,0.0,0.0,111.0,146.0,7.5,141.0,4.7,11.0,35.0,8600.0,4.6,0.0,0.0,0.0,1.0,0.0,0.0,1
175,175.0,60.0,50.0,1.01,0.0,0.0,2.0,1.0,0.0,0.0,261.0,58.0,2.2,113.0,3.0,10.35,32.3,4200.0,3.4,1.0,0.0,0.0,1.0,0.0,0.0,1
176,176.0,21.0,90.0,1.01,4.0,0.0,1.0,0.0,1.0,1.0,107.0,40.0,1.7,125.0,3.5,8.3,23.0,12400.0,3.9,0.0,0.0,0.0,1.0,0.0,1.0,1
177,177.0,65.0,80.0,1.015,2.0,1.0,1.0,1.0,1.0,0.0,215.0,133.0,2.5,135.3,9.170000000000002,13.2,41.0,8190.0,3.41,0.0,1.0,0.0,1.0,0.0,0.0,1
178,178.0,42.0,90.0,1.02,2.0,0.0,0.0,0.0,1.0,0.0,93.0,153.0,2.7,139.0,4.3,9.8,34.0,9800.0,4.3100000000000005,0.0,0.0,0.0,0.0,1.0,1.0,1
179,179.0,72.0,90.0,1.01,2.0,0.0,2.0,0.0,1.0,0.0,124.0,53.0,2.3,136.5,4.7,11.9,39.0,10130.0,3.6100000000000003,0.0,0.0,0.0,1.0,0.0,0.0,1
180,180.0,73.0,90.0,1.01,1.0,4.0,0.0,0.0,1.0,0.0,234.0,56.0,1.9,134.1,4.66,10.3,28.0,9090.0,3.8600000000000003,0.0,1.0,0.0,1.0,0.0,0.0,1
181,181.0,45.0,70.0,1.025,2.0,0.0,1.0,0.0,1.0,0.0,117.0,52.0,2.2,136.0,3.8,10.0,30.0,19100.0,3.7,0.0,0.0,0.0,1.0,0.0,0.0,1
182,182.0,61.0,80.0,1.02,0.0,0.0,2.0,1.0,0.0,0.0,131.0,23.0,0.8,140.0,4.1,11.3,35.0,9190.0,3.8200000000000003,0.0,0.0,0.0,1.0,0.0,0.0,1
183,183.0,30.0,70.0,1.015,0.0,0.0,2.0,1.0,0.0,0.0,101.0,106.0,6.5,135.0,4.3,10.600000000000001,32.2,10010.0,3.8600000000000003,0.0,0.0,0.0,0.0,0.0,0.0,1
184,184.0,54.0,60.0,1.015,3.0,2.0,2.0,0.0,0.0,0.0,352.0,137.0,3.3,133.0,4.5,11.3,31.0,5800.0,3.6,1.0,1.0,1.0,0.0,1.0,0.0,1
185,185.0,4.0,70.0,1.02,1.0,0.0,2.0,1.0,0.0,0.0,99.0,23.0,0.6,138.0,4.4,12.0,34.0,10450.0,4.119999999999999,0.0,0.0,0.0,1.0,0.0,0.0,1
186,186.0,8.0,50.0,1.02,4.0,0.0,1.0,1.0,0.0,0.0,120.2,46.0,1.0,135.0,3.8,10.989999999999998,33.9,10740.0,4.069999999999999,0.0,0.0,0.0,1.0,1.0,0.0,1
187,187.0,3.0,78.0,1.01,2.0,0.0,1.0,1.0,0.0,0.0,118.1,22.0,0.7,136.9,3.9599999999999995,10.7,34.0,12300.0,4.0200000000000005,0.0,0.0,0.0,1.0,0.0,0.0,1
188,188.0,8.0,68.0,1.0150000000000001,2.0,0.0,2.0,2.0,0.0,0.0,80.0,66.0,2.5,142.0,3.6,12.2,38.0,10960.0,4.0200000000000005,0.0,0.0,0.0,1.0,0.0,0.0,1
189,189.0,64.0,60.0,1.01,4.0,1.0,0.0,0.0,0.0,1.0,239.0,58.0,4.3,137.0,5.4,9.5,29.0,7500.0,3.4,1.0,1.0,0.0,0.0,1.0,0.0,1
190,190.0,6.0,60.0,1.01,4.0,0.0,0.0,0.0,0.0,1.0,94.0,67.0,1.0,135.0,4.9,9.9,30.0,16700.0,4.8,0.0,0.0,0.0,0.0,0.0,0.0,1
191,191.0,46.7,70.0,1.01,3.0,0.0,1.0,1.0,0.0,0.0,110.0,115.0,6.0,134.0,2.7,9.1,26.0,9200.0,3.4,1.0,1.0,0.0,0.0,0.0,0.0,1
192,192.0,46.0,110.0,1.015,0.0,0.0,2.0,1.0,0.0,0.0,130.0,16.0,0.9,137.4,4.2,11.99,36.3,9370.0,4.03,0.0,0.0,0.0,1.0,0.0,0.0,1
193,193.0,32.0,90.0,1.025,1.0,0.0,0.0,0.0,0.0,0.0,188.4,223.0,18.1,113.0,6.5,5.5,15.0,2600.0,2.8,1.0,1.0,0.0,0.0,1.0,1.0,1
194,194.0,80.0,70.0,1.01,2.0,1.2,2.0,0.0,0.0,0.0,196.4,49.0,1.2,132.2,4.7,10.83,33.1,8170.0,3.9200000000000004,1.0,1.0,0.0,1.0,0.0,0.0,1
195,195.0,70.0,90.0,1.02,2.0,1.0,0.0,0.0,0.0,1.0,184.0,98.6,3.3,138.0,3.9,5.8,31.3,8070.0,3.8099999999999996,1.0,1.0,1.0,0.0,0.0,0.0,1
196,196.0,49.0,100.0,1.01,3.0,0.0,0.0,0.0,0.0,0.0,129.0,158.0,11.8,122.0,3.2,8.1,24.0,9600.0,3.5,1.0,1.0,0.0,0.0,1.0,1.0,1
197,197.0,57.0,80.0,1.0135,1.6,1.1,2.0,2.0,0.0,0.0,167.7,111.0,9.3,124.0,5.3,6.8,30.3,4300.0,3.0,1.0,1.0,0.0,1.0,0.0,1.0,1
198,198.0,59.0,100.0,1.02,4.0,2.0,1.0,1.0,0.0,0.0,252.0,40.0,3.2,137.0,4.7,11.2,30.0,26400.0,3.9,1.0,1.0,0.0,0.0,1.0,0.0,1
199,199.0,65.0,80.0,1.015,0.0,0.0,2.0,1.0,0.0,0.0,92.0,37.0,1.5,140.0,5.2,8.8,25.0,10700.0,3.2,1.0,0.0,1.0,1.0,1.0,0.0,1
200,200.0,90.0,90.0,1.025,1.0,0.0,2.0,1.0,0.0,0.0,139.0,89.0,3.0,140.0,4.1,12.0,37.0,7900.0,3.9,1.0,1.0,0.0,1.0,0.0,0.0,1
201,201.0,64.0,70.0,1.0155,1.3,0.2,2.0,2.0,0.0,0.0,113.0,94.0,7.3,137.0,4.3,7.9,21.0,9210.0,3.7199999999999998,1.0,1.0,1.0,1.0,1.0,1.0,1
202,202.0,78.0,60.0,1.0150000000000001,1.6,0.2,2.0,2.0,0.0,0.0,114.0,74.0,2.9,135.0,5.9,8.0,24.0,9670.0,3.7099999999999995,0.0,1.0,0.0,1.0,0.0,1.0,1
203,203.0,53.9,90.0,1.0125,1.6,1.0,2.0,2.0,0.0,0.0,207.0,80.0,6.8,142.0,5.5,8.5,31.4,7870.0,3.749999999999999,1.0,1.0,0.0,1.0,0.0,1.0,1
204,204.0,65.0,90.0,1.01,4.0,2.0,1.0,1.0,0.0,0.0,172.0,82.0,13.5,145.0,6.3,8.8,31.0,7390.0,4.05,1.0,1.0,0.0,1.0,1.0,1.0,1
205,205.0,61.0,70.0,1.0155,0.5,0.0,2.0,2.0,0.0,0.0,100.0,28.0,2.1,136.3,4.4,12.6,43.0,9280.0,4.34,1.0,1.0,0.0,1.0,0.0,0.0,1
206,206.0,60.0,70.0,1.01,1.0,0.0,2.0,1.0,0.0,0.0,109.0,96.0,3.9,135.0,4.0,13.8,41.0,8980.0,3.72,1.0,0.0,0.0,1.0,0.0,0.0,1
207,207.0,50.0,70.0,1.01,0.0,0.0,2.0,1.0,0.0,0.0,230.0,50.0,2.2,138.9,4.619999999999999,12.0,41.0,10400.0,4.6,1.0,1.0,0.0,1.0,0.0,0.0,1
208,208.0,67.0,80.0,1.0174999999999998,1.7,0.7,2.0,2.0,0.0,0.0,341.0,37.0,1.5,136.5,4.43,12.3,41.0,6900.0,4.9,1.0,1.0,0.0,1.0,0.0,1.0,1
209,209.0,19.0,70.0,1.02,0.0,0.0,2.0,1.0,0.0,0.0,124.4,57.8,3.0000000000000004,137.7,4.31,11.5,34.7,6900.0,5.049999999999999,0.0,0.0,0.0,1.0,0.0,0.0,1
210,210.0,59.0,100.0,1.015,4.0,2.0,1.0,1.0,0.0,0.0,255.0,132.0,12.8,135.0,5.7,7.3,20.0,9800.0,3.9,1.0,1.0,1.0,1.0,0.0,1.0,1
211,211.0,54.0,120.0,1.015,0.0,0.0,2.0,1.0,0.0,0.0,103.0,18.0,1.2,138.6,4.2299999999999995,12.26,37.3,8940.0,4.859999999999999,0.0,0.0,0.0,1.0,0.0,0.0,1
212,212.0,40.0,70.0,1.015,3.0,4.0,1.0,1.0,0.0,0.0,253.0,150.0,11.9,132.0,5.6,10.9,31.0,8800.0,3.4,1.0,1.0,0.0,0.0,1.0,0.0,1
213,213.0,55.0,80.0,1.01,3.0,1.0,1.0,0.0,1.0,1.0,214.0,73.0,3.9,137.0,4.9,10.9,34.0,7400.0,3.7,1.0,1.0,0.0,1.0,1.0,0.0,1
214,214.0,68.0,80.0,1.015,0.0,0.0,2.0,0.0,0.0,0.0,171.0,30.0,1.0,139.4,4.65,13.7,43.0,4900.0,5.2,0.0,1.0,0.0,1.0,0.0,0.0,1
215,215.0,2.0,73.0,1.01,3.0,0.0,1.0,0.0,0.0,0.0,125.9,68.9,3.97,134.6,4.49,10.31,32.2,8620.0,4.289999999999999,0.0,0.0,0.0,1.0,1.0,0.0,1
216,216.0,64.0,70.0,1.01,0.0,0.0,2.0,1.0,0.0,0.0,107.0,15.0,1.36,139.4,4.2,12.8,38.0,7710.0,4.9,0.0,0.0,0.0,1.0,0.0,0.0,1
217,217.0,63.0,100.0,1.01,1.0,0.0,2.0,1.0,0.0,0.0,78.0,61.0,1.8,141.0,4.4,12.2,36.0,10500.0,4.3,0.0,1.0,0.0,1.0,0.0,0.0,1
218,218.0,33.0,90.0,1.015,0.0,0.0,2.0,1.0,0.0,0.0,92.0,19.0,0.8,139.3,4.2,11.8,34.0,7000.0,4.709999999999999,0.0,0.0,0.0,1.0,0.0,0.0,1
219,219.0,68.0,90.0,1.01,0.0,0.0,2.0,1.0,0.0,0.0,238.0,57.0,2.5,138.9,4.62,9.8,28.0,8000.0,3.3,1.0,1.0,0.0,0.0,0.0,0.0,1
220,220.0,36.0,80.0,1.01,0.0,0.0,2.0,1.0,0.0,0.0,103.0,50.7,2.95,138.4,4.25,11.9,36.0,8800.0,4.65,0.0,0.0,0.0,1.0,0.0,0.0,1
221,221.0,66.0,70.0,1.02,1.0,0.0,1.0,2.0,0.0,0.0,248.0,30.0,1.7,138.0,5.3,11.31,34.3,9440.0,4.1,1.0,1.0,0.0,1.0,0.0,0.0,1
222,222.0,74.0,60.0,1.0135,0.9,0.2,2.0,2.0,0.0,0.0,108.0,68.0,1.8,134.5,4.869999999999999,10.400000000000002,31.7,9990.0,3.9400000000000004,1.0,1.0,0.0,1.0,0.0,0.0,1
223,223.0,71.0,90.0,1.01,0.0,3.0,2.0,1.0,0.0,0.0,303.0,30.0,1.3,136.0,4.1,13.0,38.0,9200.0,4.6,1.0,1.0,0.0,1.0,0.0,0.0,1
224,224.0,34.0,60.0,1.02,0.0,0.0,2.0,1.0,0.0,0.0,117.0,28.0,2.2,138.0,3.8,12.790000000000001,41.7,7740.0,5.27,0.0,0.0,0.0,1.0,1.0,0.0,1
225,225.0,60.0,90.0,1.01,3.0,5.0,0.0,1.0,0.0,1.0,490.0,95.0,2.7,131.0,3.8,11.5,35.0,12000.0,4.5,1.0,1.0,0.0,1.0,0.0,0.0,1
226,226.0,64.0,100.0,1.015,4.0,2.0,0.0,0.0,0.0,1.0,163.0,54.0,7.2,140.0,4.6,7.9,26.0,7500.0,3.4,1.0,1.0,0.0,1.0,1.0,0.0,1
227,227.0,57.0,80.0,1.015,0.0,0.0,2.0,1.0,0.0,0.0,120.0,48.0,1.6,138.6,4.45,11.3,36.0,7200.0,3.8,1.0,1.0,0.0,1.0,0.0,0.0,1
228,228.0,60.0,70.0,1.0165000000000002,0.7,0.2,2.0,2.0,0.0,0.0,124.0,52.0,2.5,138.6,4.22,12.500000000000002,38.4,7370.0,4.88,1.0,0.0,0.0,1.0,0.0,0.0,1
229,229.0,59.0,50.0,1.01,3.0,0.0,1.0,0.0,0.0,0.0,241.0,191.0,12.0,114.0,2.9,9.6,31.0,15700.0,3.8,0.0,1.0,0.0,1.0,1.0,0.0,1
230,230.0,65.0,60.0,1.01,2.0,0.0,1.0,0.0,1.0,0.0,192.0,17.0,1.7,130.0,4.3,10.780000000000001,35.5,9500.0,4.79,1.0,1.0,0.0,0.0,0.0,0.0,1
231,231.0,60.0,90.0,1.0135,1.2,0.7,2.0,2.0,0.0,0.0,269.0,51.0,2.8,138.0,3.7,11.5,35.0,9520.0,4.4,1.0,1.0,1.0,1.0,1.0,0.0,1
232,232.0,50.0,90.0,1.015,1.0,0.0,0.0,0.0,0.0,0.0,183.7,71.2,3.5700000000000003,136.4,4.47,10.41,33.0,7870.0,4.029999999999999,0.0,0.0,0.0,1.0,1.0,0.0,1
233,233.0,51.0,100.0,1.015,2.0,0.0,1.0,1.0,0.0,1.0,93.0,20.0,1.6,146.0,4.5,13.89,41.6,7480.0,5.05,0.0,0.0,0.0,0.0,0.0,0.0,1
234,234.0,37.0,100.0,1.01,0.0,0.0,0.0,1.0,0.0,0.0,142.8,19.0,1.3,139.5,4.18,15.0,44.0,4100.0,5.2,1.0,0.0,0.0,1.0,0.0,0.0,1
235,235.0,45.0,70.0,1.01,2.0,0.0,2.0,1.0,0.0,0.0,113.0,93.0,2.3,138.0,4.58,7.9,26.0,5700.0,5.09,0.0,0.0,1.0,1.0,0.0,1.0,1
236,236.0,65.0,80.0,1.016,0.6,0.0,2.0,2.0,0.0,0.0,74.0,66.0,2.0,136.0,5.4,9.1,25.0,8650.0,4.5200000000000005,1.0,1.0,1.0,1.0,1.0,0.0,1
237,237.0,80.0,70.0,1.015,2.0,2.0,2.0,1.0,0.0,0.0,141.0,53.0,2.2,138.4,4.46,12.7,40.0,9600.0,4.91,1.0,1.0,0.0,0.0,1.0,0.0,1
238,238.0,72.0,100.0,1.018,1.2,0.3,2.0,2.0,0.0,0.0,201.0,241.0,13.4,127.0,4.8,9.4,28.0,7520.0,4.06,1.0,1.0,0.0,1.0,0.0,1.0,1
239,239.0,34.0,90.0,1.015,2.0,0.0,1.0,1.0,0.0,0.0,104.0,50.0,1.6,137.0,4.1,11.9,39.0,7590.0,5.069999999999999,0.0,0.0,0.0,1.0,0.0,0.0,1
240,240.0,65.0,70.0,1.015,1.0,0.0,2.0,1.0,0.0,0.0,203.0,46.0,1.4,139.3,4.47,11.4,36.0,5000.0,4.1,1.0,1.0,0.0,0.0,1.0,0.0,1
241,241.0,57.0,70.0,1.015,1.0,0.0,2.0,0.0,0.0,0.0,165.0,45.0,1.5,140.0,3.3,10.4,31.0,4200.0,3.9,0.0,0.0,0.0,1.0,0.0,0.0,1
242,242.0,69.0,70.0,1.01,4.0,3.0,1.0,0.0,1.0,1.0,214.0,96.0,6.3,120.0,3.9,9.4,28.0,11500.0,3.3,1.0,1.0,1.0,1.0,1.0,1.0,1
243,243.0,62.0,90.0,1.02,2.0,1.0,2.0,1.0,0.0,0.0,169.0,48.0,2.4,138.0,2.9,13.4,47.0,11000.0,6.1,1.0,0.0,0.0,1.0,0.0,0.0,1
244,244.0,64.0,90.0,1.015,3.0,2.0,2.0,0.0,1.0,0.0,463.0,64.0,2.8,135.0,4.1,12.2,40.0,9800.0,4.6,1.0,1.0,0.0,1.0,0.0,1.0,1
245,245.0,48.0,100.0,1.0165,0.9,0.0,2.0,2.0,0.0,0.0,103.0,79.0,5.3,135.0,6.3,6.3,19.0,7200.0,2.6,1.0,0.0,1.0,0.0,0.0,0.0,1
246,246.0,48.0,110.0,1.015,3.0,0.0,0.0,1.0,1.0,0.0,106.0,215.0,15.2,120.0,5.7,8.6,26.0,5000.0,2.5,1.0,0.0,1.0,1.0,0.0,1.0,1
247,247.0,54.0,90.0,1.025,1.0,0.0,1.0,0.0,0.0,0.0,150.0,18.0,1.2,140.0,4.2,14.820000000000002,43.9,7260.0,5.2700000000000005,0.0,0.0,0.0,0.0,1.0,1.0,1
248,248.0,59.0,70.0,1.01,1.0,3.0,0.0,0.0,0.0,0.0,424.0,55.0,1.7,138.0,4.5,12.6,37.0,10200.0,4.1,1.0,1.0,1.0,1.0,0.0,0.0,1
249,249.0,56.0,90.0,1.01,4.0,1.0,1.0,0.0,1.0,0.0,176.0,309.0,13.3,124.0,6.5,3.1,9.0,5400.0,2.1,1.0,1.0,0.0,0.0,1.0,1.0,1
250,250.0,40.0,80.0,1.025,0.0,0.0,1.0,1.0,0.0,0.0,140.0,10.0,1.2,135.0,5.0,15.0,48.0,10400.0,4.5,0.0,0.0,0.0,1.0,0.0,0.0,0
251,251.0,23.0,80.0,1.025,0.0,0.0,1.0,1.0,0.0,0.0,70.0,36.0,1.0,150.0,4.6,17.0,52.0,9800.0,5.0,0.0,0.0,0.0,1.0,0.0,0.0,0
252,252.0,45.0,80.0,1.025,0.0,0.0,1.0,1.0,0.0,0.0,82.0,49.0,0.6,147.0,4.4,15.9,46.0,9100.0,4.7,0.0,0.0,0.0,1.0,0.0,0.0,0
253,253.0,57.0,80.0,1.025,0.0,0.0,1.0,1.0,0.0,0.0,119.0,17.0,1.2,135.0,4.7,15.4,42.0,6200.0,6.2,0.0,0.0,0.0,1.0,0.0,0.0,0
254,254.0,51.0,60.0,1.025,0.0,0.0,1.0,1.0,0.0,0.0,99.0,38.0,0.8,135.0,3.7,13.0,49.0,8300.0,5.2,0.0,0.0,0.0,1.0,0.0,0.0,0
255,255.0,34.0,80.0,1.025,0.0,0.0,1.0,1.0,0.0,0.0,121.0,27.0,1.2,144.0,3.9,13.6,52.0,9200.0,6.3,0.0,0.0,0.0,1.0,0.0,0.0,0
256,256.0,60.0,80.0,1.025,0.0,0.0,1.0,1.0,0.0,0.0,131.0,10.0,0.5,146.0,5.0,14.5,41.0,10700.0,5.1,0.0,0.0,0.0,1.0,0.0,0.0,0
257,257.0,38.0,60.0,1.02,0.0,0.0,1.0,1.0,0.0,0.0,91.0,36.0,0.7,135.0,3.7,14.0,46.0,9100.0,5.8,0.0,0.0,0.0,1.0,0.0,0.0,0
258,258.0,42.0,80.0,1.02,0.0,0.0,1.0,1.0,0.0,0.0,98.0,20.0,0.5,140.0,3.5,13.9,44.0,8400.0,5.5,0.0,0.0,0.0,1.0,0.0,0.0,0
259,259.0,35.0,80.0,1.02,0.0,0.0,1.0,1.0,0.0,0.0,104.0,31.0,1.2,135.0,5.0,16.1,45.0,4300.0,5.2,0.0,0.0,0.0,1.0,0.0,0.0,0
260,260.0,30.0,80.0,1.02,0.0,0.0,1.0,1.0,0.0,0.0,131.0,38.0,1.0,147.0,3.8,14.1,45.0,9400.0,5.3,0.0,0.0,0.0,1.0,0.0,0.0,0
261,261.0,49.0,80.0,1.02,0.0,0.0,1.0,1.0,0.0,0.0,122.0,32.0,1.2,139.0,3.9,17.0,41.0,5600.0,4.9,0.0,0.0,0.0,1.0,0.0,0.0,0
262,262.0,55.0,80.0,1.02,0.0,0.0,1.0,1.0,0.0,0.0,118.0,18.0,0.9,135.0,3.6,15.5,43.0,7200.0,5.4,0.0,0.0,0.0,1.0,0.0,0.0,0
263,263.0,45.0,80.0,1.02,0.0,0.0,1.0,1.0,0.0,0.0,117.0,46.0,1.2,137.0,5.0,16.2,45.0,8600.0,5.2,0.0,0.0,0.0,1.0,0.0,0.0,0
264,264.0,42.0,80.0,1.02,0.0,0.0,1.0,1.0,0.0,0.0,132.0,24.0,0.7,140.0,4.1,14.4,50.0,5000.0,4.5,0.0,0.0,0.0,1.0,0.0,0.0,0
265,265.0,50.0,80.0,1.02,0.0,0.0,1.0,1.0,0.0,0.0,97.0,40.0,0.6,150.0,4.5,14.2,48.0,10500.0,5.0,0.0,0.0,0.0,1.0,0.0,0.0,0
266,266.0,55.0,80.0,1.02,0.0,0.0,1.0,1.0,0.0,0.0,133.0,17.0,1.2,135.0,4.8,13.2,41.0,6800.0,5.3,0.0,0.0,0.0,1.0,0.0,0.0,0
267,267.0,48.0,80.0,1.025,0.0,0.0,1.0,1.0,0.0,0.0,122.0,33.0,0.9,146.0,3.9,13.9,48.0,9500.0,4.8,0.0,0.0,0.0,1.0,0.0,0.0,0
268,268.0,42.8,80.0,1.0195,0.6,0.0,2.0,2.0,0.0,0.0,100.0,49.0,1.0,140.0,5.0,16.3,53.0,8500.0,4.9,0.0,0.0,0.0,1.0,0.0,0.0,0
269,269.0,25.0,80.0,1.025,0.0,0.0,1.0,1.0,0.0,0.0,121.0,19.0,1.2,142.0,4.9,15.0,48.0,6900.0,5.3,0.0,0.0,0.0,1.0,0.0,0.0,0
270,270.0,23.0,80.0,1.025,0.0,0.0,1.0,1.0,0.0,0.0,111.0,34.0,1.1,145.0,4.0,14.3,41.0,7200.0,5.0,0.0,0.0,0.0,1.0,0.0,0.0,0
271,271.0,30.0,80.0,1.025,0.0,0.0,1.0,1.0,0.0,0.0,96.0,25.0,0.5,144.0,4.8,13.8,42.0,9000.0,4.5,0.0,0.0,0.0,1.0,0.0,0.0,0
272,272.0,56.0,80.0,1.025,0.0,0.0,1.0,1.0,0.0,0.0,139.0,15.0,1.2,135.0,5.0,14.8,42.0,5600.0,5.5,0.0,0.0,0.0,1.0,0.0,0.0,0
273,273.0,47.0,80.0,1.02,0.0,0.0,1.0,1.0,0.0,0.0,95.0,35.0,0.9,140.0,4.1,15.37,46.7,8200.0,5.25,0.0,0.0,0.0,1.0,0.0,0.0,0
274,274.0,19.0,80.0,1.02,0.0,0.0,1.0,1.0,0.0,0.0,107.0,23.0,0.7,141.0,4.2,14.4,44.0,7020.0,5.299999999999999,0.0,0.0,0.0,1.0,0.0,0.0,0
275,275.0,52.0,80.0,1.02,0.0,0.0,1.0,1.0,0.0,0.0,125.0,22.0,1.2,139.0,4.6,16.5,43.0,4700.0,4.6,0.0,0.0,0.0,1.0,0.0,0.0,0
276,276.0,20.0,60.0,1.025,0.0,0.0,1.0,1.0,0.0,0.0,119.5,28.2,1.13,137.0,4.7,14.0,41.0,4500.0,5.5,0.0,0.0,0.0,1.0,0.0,0.0,0
277,277.0,46.0,60.0,1.025,0.0,0.0,1.0,1.0,0.0,0.0,123.0,46.0,1.0,135.0,5.0,15.7,50.0,6300.0,4.8,0.0,0.0,0.0,1.0,0.0,0.0,0
278,278.0,48.0,60.0,1.02,0.0,0.0,1.0,1.0,0.0,0.0,112.0,44.0,1.2,142.0,4.9,14.5,44.0,9400.0,6.4,0.0,0.0,0.0,1.0,0.0,0.0,0
279,279.0,24.0,70.0,1.025,0.0,0.0,1.0,1.0,0.0,0.0,140.0,23.0,0.6,140.0,4.7,16.3,48.0,5800.0,5.6,0.0,0.0,0.0,1.0,0.0,0.0,0
280,280.0,47.0,80.0,1.0195,0.4,0.0,2.0,2.0,0.0,0.0,93.0,33.0,0.9,144.0,4.5,13.3,52.0,8100.0,5.2,0.0,0.0,0.0,1.0,0.0,0.0,0
281,281.0,55.0,80.0,1.025,0.0,0.0,1.0,1.0,0.0,0.0,130.0,50.0,1.2,147.0,5.0,15.5,41.0,9100.0,6.0,0.0,0.0,0.0,1.0,0.0,0.0,0
282,282.0,20.0,70.0,1.02,0.0,0.0,1.0,1.0,0.0,0.0,123.0,44.0,1.0,135.0,3.8,14.6,44.0,5500.0,4.8,0.0,0.0,0.0,1.0,0.0,0.0,0
283,283.0,60.0,70.0,1.02,0.0,0.0,1.0,1.0,0.0,0.0,115.2,32.0,1.1099999999999999,139.6,4.4,16.4,43.0,10800.0,5.7,0.0,0.0,0.0,1.0,0.0,0.0,0
284,284.0,33.0,80.0,1.025,0.0,0.0,1.0,1.0,0.0,0.0,100.0,37.0,1.2,142.0,4.0,16.9,52.0,6700.0,6.0,0.0,0.0,0.0,1.0,0.0,0.0,0
285,285.0,66.0,70.0,1.02,0.0,0.0,1.0,1.0,0.0,0.0,94.0,19.0,0.7,135.0,3.9,16.0,41.0,5300.0,5.9,0.0,0.0,0.0,1.0,0.0,0.0,0
286,286.0,71.0,70.0,1.02,0.0,0.0,1.0,1.0,0.0,0.0,81.0,18.0,0.8,145.0,5.0,14.7,44.0,9800.0,6.0,0.0,0.0,0.0,1.0,0.0,0.0,0
287,287.0,39.0,70.0,1.025,0.0,0.0,1.0,1.0,0.0,0.0,124.0,22.0,0.6,137.0,3.8,13.4,43.0,7200.0,5.45,0.0,0.0,0.0,1.0,0.0,0.0,0
288,288.0,56.0,70.0,1.025,0.0,0.0,1.0,1.0,0.0,0.0,70.0,46.0,1.2,135.0,4.9,15.9,50.0,11000.0,5.1,2.0,2.0,2.0,1.0,0.0,0.0,0
289,289.0,42.0,70.0,1.02,0.0,0.0,1.0,1.0,0.0,0.0,93.0,32.0,0.9,143.0,4.7,16.6,43.0,7100.0,5.3,0.0,0.0,0.0,1.0,0.0,0.0,0
290,290.0,54.0,70.0,1.02,0.0,0.0,2.0,2.0,2.0,2.0,76.0,28.0,0.6,146.0,3.5,14.8,52.0,8400.0,5.9,0.0,0.0,0.0,1.0,0.0,0.0,0
291,291.0,47.0,80.0,1.025,0.0,0.0,1.0,1.0,0.0,0.0,124.0,44.0,1.0,140.0,4.9,14.9,41.0,7000.0,5.7,0.0,0.0,0.0,1.0,0.0,0.0,0
292,292.0,30.0,80.0,1.02,0.0,0.0,1.0,1.0,0.0,0.0,89.0,42.0,0.5,139.0,5.0,16.7,52.0,10200.0,5.0,0.0,0.0,0.0,1.0,0.0,0.0,0
293,293.0,50.0,78.0,1.02,0.0,0.0,1.0,1.0,0.0,0.0,92.0,19.0,1.2,150.0,4.8,14.9,48.0,4700.0,5.4,0.0,0.0,0.0,1.0,0.0,0.0,0
294,294.0,75.0,60.0,1.02,0.0,0.0,1.0,1.0,0.0,0.0,110.0,50.0,0.7,135.0,5.0,14.3,40.0,8300.0,5.8,0.0,0.0,0.0,1.0,2.0,2.0,0
295,295.0,44.0,70.0,1.0205,0.2,0.0,2.0,2.0,0.0,0.0,106.0,25.0,0.9,150.0,3.6,15.0,50.0,9600.0,6.5,0.0,0.0,0.0,1.0,0.0,0.0,0
296,296.0,41.0,70.0,1.02,0.0,0.0,1.0,1.0,0.0,0.0,125.0,38.0,0.6,140.0,5.0,16.8,41.0,6300.0,5.9,0.0,0.0,0.0,1.0,0.0,0.0,0
297,297.0,53.0,60.0,1.025,0.0,0.0,1.0,1.0,0.0,0.0,116.0,26.0,1.0,146.0,4.9,15.8,45.0,7700.0,5.2,2.0,2.0,2.0,1.0,0.0,0.0,0
298,298.0,34.0,60.0,1.02,0.0,0.0,1.0,1.0,0.0,0.0,91.0,49.0,1.2,135.0,4.5,13.5,48.0,8600.0,4.9,0.0,0.0,0.0,1.0,0.0,0.0,0
299,299.0,73.0,60.0,1.02,0.0,0.0,1.0,1.0,0.0,0.0,127.0,48.0,0.5,150.0,3.5,15.1,52.0,11000.0,4.7,0.0,0.0,0.0,1.0,0.0,0.0,0
300,300.0,45.0,60.0,1.02,0.0,0.0,1.0,1.0,2.0,2.0,114.0,26.0,0.7,141.0,4.2,15.0,43.0,9200.0,5.8,0.0,0.0,0.0,1.0,0.0,0.0,0
301,301.0,44.0,60.0,1.025,0.0,0.0,1.0,1.0,0.0,0.0,96.0,33.0,0.9,147.0,4.5,16.9,41.0,7200.0,5.0,0.0,0.0,0.0,1.0,0.0,0.0,0
302,302.0,29.0,70.0,1.02,0.0,0.0,1.0,1.0,0.0,0.0,127.0,44.0,1.2,145.0,5.0,14.8,48.0,7260.0,5.12,0.0,0.0,0.0,1.0,0.0,0.0,0
303,303.0,55.0,70.0,1.02,0.0,0.0,1.0,1.0,0.0,0.0,107.0,26.0,1.1,141.3,4.279999999999999,17.0,50.0,6700.0,6.1,0.0,0.0,0.0,1.0,0.0,0.0,0
304,304.0,33.0,80.0,1.025,0.0,0.0,1.0,1.0,0.0,0.0,128.0,38.0,0.6,135.0,3.9,13.1,45.0,6200.0,4.5,0.0,0.0,0.0,1.0,0.0,0.0,0
305,305.0,41.0,80.0,1.02,0.0,0.0,1.0,1.0,0.0,0.0,122.0,25.0,0.8,138.0,5.0,17.1,41.0,9100.0,5.2,0.0,0.0,0.0,1.0,0.0,0.0,0
306,306.0,52.0,80.0,1.02,0.0,0.0,1.0,1.0,0.0,0.0,128.0,30.0,1.2,140.0,4.5,15.2,52.0,4300.0,5.7,0.0,0.0,0.0,1.0,0.0,0.0,0
307,307.0,47.0,60.0,1.02,0.0,0.0,1.0,1.0,0.0,0.0,137.0,17.0,0.5,150.0,3.5,13.6,44.0,7900.0,4.5,0.0,0.0,0.0,1.0,0.0,0.0,0
308,308.0,43.0,80.0,1.025,0.0,0.0,1.0,1.0,0.0,0.0,81.0,46.0,0.6,135.0,4.9,13.9,48.0,6900.0,4.9,0.0,0.0,0.0,1.0,0.0,0.0,0
309,309.0,51.0,60.0,1.02,0.0,0.0,2.0,2.0,0.0,0.0,129.0,25.0,1.2,139.0,5.0,17.2,40.0,8100.0,5.9,0.0,0.0,0.0,1.0,0.0,0.0,0
310,310.0,46.0,60.0,1.02,0.0,0.0,1.0,1.0,0.0,0.0,102.0,27.0,0.7,142.0,4.9,13.2,44.0,11000.0,5.4,0.0,0.0,0.0,1.0,0.0,0.0,0
311,311.0,56.0,60.0,1.025,0.0,0.0,1.0,1.0,0.0,0.0,132.0,18.0,1.1,147.0,4.7,13.7,45.0,7500.0,5.6,0.0,0.0,0.0,1.0,0.0,0.0,0
312,312.0,80.0,70.0,1.02,0.0,0.0,1.0,1.0,0.0,0.0,116.7,29.4,0.8699999999999999,135.0,4.1,15.3,48.0,6300.0,6.1,0.0,0.0,0.0,1.0,0.0,0.0,0
313,313.0,55.0,80.0,1.02,0.0,0.0,1.0,1.0,0.0,0.0,104.0,28.0,0.9,142.0,4.8,17.3,52.0,8200.0,4.8,0.0,0.0,0.0,1.0,0.0,0.0,0
314,314.0,39.0,70.0,1.025,0.0,0.0,1.0,1.0,0.0,0.0,131.0,46.0,0.6,145.0,5.0,15.6,41.0,9400.0,4.7,0.0,0.0,0.0,1.0,0.0,0.0,0
315,315.0,44.0,70.0,1.025,0.0,0.0,1.0,1.0,0.0,0.0,118.4,25.9,0.9499999999999998,141.2,4.300000000000001,13.8,48.0,7800.0,4.4,0.0,0.0,0.0,1.0,0.0,0.0,0
316,316.0,35.0,79.0,1.02,0.0,0.0,1.0,1.0,2.0,2.0,99.0,30.0,0.5,135.0,4.9,15.4,48.0,5000.0,5.2,0.0,0.0,0.0,1.0,0.0,0.0,0
317,317.0,58.0,70.0,1.02,0.0,0.0,1.0,1.0,0.0,0.0,102.0,48.0,1.2,139.0,4.3,15.0,40.0,8100.0,4.9,0.0,0.0,0.0,1.0,0.0,0.0,0
318,318.0,61.0,70.0,1.025,0.0,0.0,1.0,1.0,0.0,0.0,120.0,29.0,0.7,137.0,3.5,17.4,52.0,7000.0,5.3,0.0,0.0,0.0,1.0,0.0,0.0,0
319,319.0,30.0,60.0,1.02,0.0,0.0,1.0,1.0,0.0,0.0,138.0,15.0,1.1,135.0,4.4,15.059999999999999,43.8,8370.0,5.300000000000001,0.0,0.0,0.0,1.0,0.0,0.0,0
320,320.0,57.0,60.0,1.02,0.0,0.0,1.0,1.0,0.0,0.0,105.0,49.0,1.2,150.0,4.7,15.7,44.0,10400.0,6.2,0.0,0.0,0.0,1.0,0.0,0.0,0
321,321.0,65.0,60.0,1.02,0.0,0.0,1.0,1.0,0.0,0.0,109.0,39.0,1.0,144.0,3.5,13.9,48.0,9600.0,4.8,0.0,0.0,0.0,1.0,0.0,0.0,0
322,322.0,70.0,60.0,1.0210000000000001,0.3,0.0,2.0,2.0,0.0,0.0,120.0,40.0,0.5,140.0,4.6,16.0,43.0,4500.0,4.9,0.0,0.0,0.0,1.0,0.0,0.0,0
323,323.0,43.0,80.0,1.025,0.0,0.0,1.0,1.0,0.0,0.0,130.0,30.0,1.1,143.0,5.0,15.9,45.0,7800.0,4.5,0.0,0.0,0.0,1.0,0.0,0.0,0
324,324.0,40.0,80.0,1.02,0.0,0.0,1.0,1.0,0.0,0.0,119.0,15.0,0.7,150.0,4.9,15.66,44.5,8090.0,5.2700000000000005,0.0,0.0,0.0,1.0,0.0,0.0,0
325,325.0,58.0,80.0,1.02,0.0,0.0,1.0,1.0,0.0,0.0,100.0,50.0,1.2,140.0,3.5,14.0,50.0,6700.0,6.5,0.0,0.0,0.0,1.0,0.0,0.0,0
326,326.0,47.0,60.0,1.02,0.0,0.0,1.0,1.0,0.0,0.0,109.0,25.0,1.1,141.0,4.7,15.8,41.0,8300.0,5.2,0.0,0.0,0.0,1.0,0.0,0.0,0
327,327.0,30.0,60.0,1.025,0.0,0.0,1.0,1.0,0.0,0.0,120.0,31.0,0.8,150.0,4.6,13.4,44.0,10700.0,5.8,0.0,0.0,0.0,1.0,0.0,0.0,0
328,328.0,28.0,70.0,1.02,0.0,0.0,1.0,1.0,2.0,2.0,131.0,29.0,0.6,145.0,4.9,13.620000000000001,45.0,8600.0,6.5,0.0,0.0,0.0,1.0,0.0,0.0,0
329,329.0,33.0,60.0,1.025,0.0,0.0,1.0,1.0,0.0,0.0,80.0,25.0,0.9,146.0,3.5,14.1,48.0,7800.0,5.1,0.0,0.0,0.0,1.0,0.0,0.0,0
330,330.0,43.0,80.0,1.02,0.0,0.0,1.0,1.0,0.0,0.0,114.0,32.0,1.1,135.0,3.9,15.680000000000001,42.0,7240.0,5.159999999999999,0.0,0.0,0.0,1.0,0.0,0.0,0
331,331.0,59.0,70.0,1.025,0.0,0.0,1.0,1.0,0.0,0.0,130.0,39.0,0.7,147.0,4.7,13.5,46.0,6700.0,4.5,0.0,0.0,0.0,1.0,0.0,0.0,0
332,332.0,34.0,70.0,1.025,0.0,0.0,1.0,1.0,0.0,0.0,111.1,33.0,1.0,150.0,5.0,15.3,44.0,10500.0,6.1,0.0,0.0,0.0,1.0,0.0,0.0,0
333,333.0,23.0,80.0,1.02,0.0,0.0,1.0,1.0,0.0,0.0,99.0,46.0,1.2,142.0,4.0,17.7,46.0,4300.0,5.5,0.0,0.0,0.0,1.0,0.0,0.0,0
334,334.0,24.0,80.0,1.025,0.0,0.0,1.0,1.0,0.0,0.0,125.0,28.3,1.0299999999999998,136.0,3.5,15.4,43.0,5600.0,4.5,0.0,0.0,0.0,1.0,0.0,0.0,0
335,335.0,60.0,60.0,1.02,0.0,0.0,1.0,1.0,0.0,0.0,134.0,45.0,0.5,139.0,4.8,14.2,48.0,10700.0,5.6,0.0,0.0,0.0,1.0,0.0,0.0,0
336,336.0,25.0,60.0,1.02,0.0,0.0,1.0,1.0,0.0,0.0,119.0,27.0,0.5,141.0,4.199999999999999,15.2,40.0,9200.0,5.2,0.0,0.0,0.0,1.0,0.0,0.0,0
337,337.0,44.0,70.0,1.025,0.0,0.0,1.0,1.0,0.0,0.0,92.0,40.0,0.9,141.0,4.9,14.0,52.0,7500.0,6.2,0.0,0.0,0.0,1.0,0.0,0.0,0
338,338.0,62.0,80.0,1.02,0.0,0.0,1.0,1.0,0.0,0.0,132.0,34.0,0.8,147.0,3.5,17.8,44.0,4700.0,4.5,0.0,0.0,0.0,1.0,0.0,0.0,0
339,339.0,25.0,70.0,1.02,0.0,0.0,1.0,1.0,0.0,0.0,88.0,42.0,0.5,136.0,3.5,13.3,48.0,7000.0,4.9,0.0,0.0,0.0,1.0,0.0,0.0,0
340,340.0,32.0,70.0,1.025,0.0,0.0,1.0,1.0,0.0,0.0,100.0,29.0,1.1,142.0,4.5,14.3,43.0,6700.0,5.9,0.0,0.0,0.0,1.0,0.0,0.0,0
341,341.0,63.0,70.0,1.025,0.0,0.0,1.0,1.0,0.0,0.0,130.0,37.0,0.9,150.0,5.0,13.4,41.0,7300.0,4.7,0.0,0.0,0.0,1.0,0.0,0.0,0
342,342.0,44.0,60.0,1.02,0.0,0.0,1.0,1.0,0.0,0.0,95.0,46.0,0.5,138.0,4.2,15.0,50.0,7700.0,6.3,0.0,0.0,0.0,1.0,0.0,0.0,0
343,343.0,37.0,60.0,1.025,0.0,0.0,1.0,1.0,0.0,0.0,111.0,35.0,0.8,135.0,4.1,16.2,50.0,5500.0,5.7,0.0,0.0,0.0,1.0,0.0,0.0,0
344,344.0,64.0,60.0,1.02,0.0,0.0,1.0,1.0,0.0,0.0,106.0,27.0,0.7,150.0,3.3,14.4,42.0,8100.0,4.7,0.0,0.0,0.0,1.0,0.0,0.0,0
345,345.0,22.0,60.0,1.025,0.0,0.0,1.0,1.0,0.0,0.0,97.0,18.0,1.2,138.0,4.3,13.5,42.0,7900.0,6.4,0.0,0.0,0.0,1.0,0.0,0.0,0
346,346.0,33.0,60.0,1.0204999999999997,0.0,0.0,1.0,1.0,0.0,0.0,130.0,41.0,0.9,141.0,4.4,15.5,52.0,4300.0,5.8,0.0,0.0,0.0,1.0,0.0,0.0,0
347,347.0,43.0,60.0,1.025,0.0,0.0,1.0,1.0,0.0,0.0,108.0,25.0,1.0,144.0,5.0,17.8,43.0,7200.0,5.5,0.0,0.0,0.0,1.0,0.0,0.0,0
348,348.0,38.0,80.0,1.02,0.0,0.0,1.0,1.0,0.0,0.0,99.0,19.0,0.5,147.0,3.5,13.6,44.0,7300.0,6.4,0.0,0.0,0.0,1.0,0.0,0.0,0
349,349.0,35.0,70.0,1.025,0.0,0.0,2.0,2.0,0.0,0.0,82.0,36.0,1.1,150.0,3.5,14.5,52.0,9400.0,6.1,0.0,0.0,0.0,1.0,0.0,0.0,0
350,350.0,65.0,70.0,1.025,0.0,0.0,2.0,2.0,0.0,0.0,85.0,20.0,1.0,142.0,4.8,16.1,43.0,9600.0,4.5,0.0,0.0,0.0,1.0,0.0,0.0,0
351,351.0,29.0,80.0,1.02,0.0,0.0,1.0,1.0,0.0,0.0,83.0,49.0,0.9,139.0,3.3,17.5,40.0,9900.0,4.7,0.0,0.0,0.0,1.0,0.0,0.0,0
352,352.0,37.0,60.0,1.02,0.0,0.0,1.0,1.0,0.0,0.0,109.0,47.0,1.1,141.0,4.9,15.0,48.0,7000.0,5.2,0.0,0.0,0.0,1.0,0.0,0.0,0
353,353.0,39.0,60.0,1.02,0.0,0.0,1.0,1.0,0.0,0.0,86.0,37.0,0.6,150.0,5.0,13.6,51.0,5800.0,4.5,0.0,0.0,0.0,1.0,0.0,0.0,0
354,354.0,32.0,60.0,1.025,0.0,0.0,1.0,1.0,0.0,0.0,102.0,17.0,0.4,147.0,4.7,14.6,41.0,6800.0,5.1,0.0,0.0,0.0,1.0,0.0,0.0,0
355,355.0,23.0,60.0,1.02,0.0,0.0,1.0,1.0,0.0,0.0,95.0,24.0,0.8,145.0,5.0,15.0,52.0,6300.0,4.6,0.0,0.0,0.0,1.0,0.0,0.0,0
356,356.0,34.0,70.0,1.025,0.0,0.0,1.0,1.0,0.0,0.0,87.0,38.0,0.5,144.0,4.8,17.1,47.0,7400.0,6.1,0.0,0.0,0.0,1.0,0.0,0.0,0
357,357.0,66.0,70.0,1.025,0.0,0.0,1.0,1.0,0.0,0.0,107.0,16.0,1.1,140.0,3.6,13.6,42.0,11000.0,4.9,0.0,0.0,0.0,1.0,0.0,0.0,0
358,358.0,47.0,60.0,1.02,0.0,0.0,1.0,1.0,0.0,0.0,117.0,22.0,1.2,138.0,3.5,13.0,45.0,5200.0,5.6,0.0,0.0,0.0,1.0,0.0,0.0,0
359,359.0,74.0,60.0,1.02,0.0,0.0,1.0,1.0,0.0,0.0,88.0,50.0,0.6,147.0,3.7,17.2,53.0,6000.0,4.5,0.0,0.0,0.0,1.0,0.0,0.0,0
360,360.0,35.0,60.0,1.025,0.0,0.0,1.0,1.0,0.0,0.0,105.0,39.0,0.5,135.0,3.9,14.7,43.0,5800.0,6.2,0.0,0.0,0.0,1.0,0.0,0.0,0
361,361.0,29.0,80.0,1.02,0.0,0.0,1.0,1.0,0.0,0.0,70.0,16.0,0.7,138.0,3.5,13.7,54.0,5400.0,5.8,0.0,0.0,0.0,1.0,0.0,0.0,0
362,362.0,33.0,80.0,1.025,0.0,0.0,1.0,1.0,0.0,0.0,89.0,19.0,1.1,144.0,5.0,15.0,40.0,10300.0,4.8,0.0,0.0,0.0,1.0,0.0,0.0,0
363,363.0,67.0,80.0,1.025,0.0,0.0,1.0,1.0,0.0,0.0,99.0,40.0,0.5,141.6,4.35,17.8,44.0,5900.0,5.2,0.0,0.0,0.0,1.0,0.0,0.0,0
364,364.0,73.0,80.0,1.025,0.0,0.0,1.0,1.0,0.0,0.0,118.0,44.0,0.7,137.0,3.5,14.8,45.0,9300.0,4.7,0.0,0.0,0.0,1.0,0.0,0.0,0
365,365.0,24.0,80.0,1.02,0.0,0.0,1.0,1.0,0.0,0.0,93.0,46.0,1.0,145.0,3.5,13.09,41.7,10700.0,6.3,0.0,0.0,0.0,1.0,0.0,0.0,0
366,366.0,60.0,80.0,1.025,0.0,0.0,1.0,1.0,0.0,0.0,81.0,15.0,0.5,141.0,3.6,15.0,46.0,10500.0,5.3,0.0,0.0,0.0,1.0,0.0,0.0,0
367,367.0,68.0,60.0,1.025,0.0,0.0,1.0,1.0,0.0,0.0,125.0,41.0,1.1,139.0,3.8,17.4,50.0,6700.0,6.1,0.0,0.0,0.0,1.0,0.0,0.0,0
368,368.0,30.0,80.0,1.025,0.0,0.0,1.0,1.0,0.0,0.0,82.0,42.0,0.7,146.0,5.0,14.9,45.0,9400.0,5.9,0.0,0.0,0.0,1.0,0.0,0.0,0
369,369.0,75.0,70.0,1.02,0.0,0.0,1.0,1.0,0.0,0.0,107.0,48.0,0.8,144.0,3.5,13.6,46.0,10300.0,4.8,0.0,0.0,0.0,1.0,0.0,0.0,0
370,370.0,69.0,70.0,1.02,0.0,0.0,1.0,1.0,0.0,0.0,83.0,42.0,1.2,139.0,3.7,16.2,50.0,9300.0,5.4,0.0,0.0,0.0,1.0,0.0,0.0,0
371,371.0,28.0,60.0,1.025,0.0,0.0,1.0,1.0,0.0,0.0,79.0,50.0,0.5,145.0,5.0,17.6,51.0,6500.0,5.0,0.0,0.0,0.0,1.0,0.0,0.0,0
372,372.0,72.0,60.0,1.02,0.0,0.0,1.0,1.0,0.0,0.0,109.0,26.0,0.9,150.0,4.9,15.0,52.0,10500.0,5.5,0.0,0.0,0.0,1.0,0.0,0.0,0
373,373.0,61.0,70.0,1.025,0.0,0.0,1.0,1.0,0.0,0.0,133.0,38.0,1.0,142.0,3.6,13.7,47.0,9200.0,4.9,0.0,0.0,0.0,1.0,0.0,0.0,0
374,374.0,79.0,80.0,1.025,0.0,0.0,1.0,1.0,0.0,0.0,111.0,44.0,1.2,146.0,3.6,16.3,40.0,8000.0,6.4,0.0,0.0,0.0,1.0,0.0,0.0,0
375,375.0,70.0,80.0,1.02,0.0,0.0,1.0,1.0,0.0,0.0,74.0,41.0,0.5,143.0,4.5,15.1,48.0,9700.0,5.6,0.0,0.0,0.0,1.0,0.0,0.0,0
376,376.0,58.0,70.0,1.025,0.0,0.0,1.0,1.0,0.0,0.0,88.0,16.0,1.1,147.0,3.5,16.4,53.0,9100.0,5.2,0.0,0.0,0.0,1.0,0.0,0.0,0
377,377.0,64.0,70.0,1.02,0.0,0.0,1.0,1.0,0.0,0.0,97.0,27.0,0.7,145.0,4.8,13.8,49.0,6400.0,4.8,0.0,0.0,0.0,1.0,0.0,0.0,0
378,378.0,71.0,60.0,1.025,0.0,0.0,1.0,1.0,0.0,0.0,111.8,28.6,0.9,140.0,4.8,15.2,42.0,7700.0,5.5,0.0,0.0,0.0,1.0,0.0,0.0,0
379,379.0,62.0,80.0,1.025,0.0,0.0,1.0,1.0,0.0,0.0,78.0,45.0,0.6,138.0,3.5,16.1,50.0,5400.0,5.7,0.0,0.0,0.0,1.0,0.0,0.0,0
380,380.0,59.0,60.0,1.02,0.0,0.0,1.0,1.0,0.0,0.0,113.0,23.0,1.1,139.0,3.5,15.3,54.0,6500.0,4.9,0.0,0.0,0.0,1.0,0.0,0.0,0
381,381.0,71.0,70.0,1.025,0.0,0.0,2.0,2.0,0.0,0.0,79.0,47.0,0.5,142.0,4.8,16.6,40.0,5800.0,5.9,0.0,0.0,0.0,1.0,0.0,0.0,0
382,382.0,48.0,80.0,1.025,0.0,0.0,1.0,1.0,0.0,0.0,75.0,22.0,0.8,137.0,5.0,16.8,51.0,6000.0,6.5,0.0,0.0,0.0,1.0,0.0,0.0,0
383,383.0,80.0,80.0,1.025,0.0,0.0,1.0,1.0,0.0,0.0,119.0,46.0,0.7,141.0,4.9,13.9,49.0,5100.0,5.0,0.0,0.0,0.0,1.0,0.0,0.0,0
384,384.0,57.0,60.0,1.02,0.0,0.0,1.0,1.0,0.0,0.0,132.0,18.0,1.1,150.0,4.7,15.4,42.0,11000.0,4.5,0.0,0.0,0.0,1.0,0.0,0.0,0
385,385.0,63.0,70.0,1.02,0.0,0.0,1.0,1.0,0.0,0.0,113.0,25.0,0.6,146.0,4.9,16.5,52.0,8000.0,5.1,0.0,0.0,0.0,1.0,0.0,0.0,0
386,386.0,46.0,70.0,1.025,0.0,0.0,1.0,1.0,0.0,0.0,100.0,47.0,0.5,142.0,3.5,16.4,43.0,5700.0,6.5,0.0,0.0,0.0,1.0,0.0,0.0,0
387,387.0,15.0,80.0,1.025,0.0,0.0,1.0,1.0,0.0,0.0,93.0,17.0,0.9,136.0,3.9,16.7,50.0,6200.0,5.2,0.0,0.0,0.0,1.0,0.0,0.0,0
388,388.0,51.0,80.0,1.02,0.0,0.0,1.0,1.0,0.0,0.0,94.0,15.0,1.2,144.0,3.7,15.5,46.0,9500.0,6.4,0.0,0.0,0.0,1.0,0.0,0.0,0
389,389.0,41.0,80.0,1.025,0.0,0.0,1.0,1.0,0.0,0.0,112.0,48.0,0.7,140.0,5.0,17.0,52.0,7200.0,5.8,0.0,0.0,0.0,1.0,0.0,0.0,0
390,390.0,52.0,80.0,1.025,0.0,0.0,1.0,1.0,0.0,0.0,99.0,25.0,0.8,135.0,3.7,15.0,52.0,6300.0,5.3,0.0,0.0,0.0,1.0,0.0,0.0,0
391,391.0,36.0,80.0,1.025,0.0,0.0,1.0,1.0,0.0,0.0,85.0,16.0,1.1,142.0,4.1,15.6,44.0,5800.0,6.3,0.0,0.0,0.0,1.0,0.0,0.0,0
392,392.0,57.0,80.0,1.02,0.0,0.0,1.0,1.0,0.0,0.0,133.0,48.0,1.2,147.0,4.3,14.8,46.0,6600.0,5.5,0.0,0.0,0.0,1.0,0.0,0.0,0
393,393.0,43.0,60.0,1.025,0.0,0.0,1.0,1.0,0.0,0.0,117.0,45.0,0.7,141.0,4.4,13.0,54.0,7400.0,5.4,0.0,0.0,0.0,1.0,0.0,0.0,0
394,394.0,50.0,80.0,1.02,0.0,0.0,1.0,1.0,0.0,0.0,137.0,46.0,0.8,139.0,5.0,14.1,45.0,9500.0,4.6,0.0,0.0,0.0,1.0,0.0,0.0,0
395,395.0,55.0,80.0,1.02,0.0,0.0,1.0,1.0,0.0,0.0,140.0,49.0,0.5,150.0,4.9,15.7,47.0,6700.0,4.9,0.0,0.0,0.0,1.0,0.0,0.0,0
396,396.0,42.0,70.0,1.025,0.0,0.0,1.0,1.0,0.0,0.0,75.0,31.0,1.2,141.0,3.5,16.5,54.0,7800.0,6.2,0.0,0.0,0.0,1.0,0.0,0.0,0
397,397.0,12.0,80.0,1.02,0.0,0.0,1.0,1.0,0.0,0.0,100.0,26.0,0.6,137.0,4.4,15.8,49.0,6600.0,5.4,0.0,0.0,0.0,1.0,0.0,0.0,0
398,398.0,17.0,60.0,1.025,0.0,0.0,1.0,1.0,0.0,0.0,114.0,50.0,1.0,135.0,4.9,14.2,51.0,7200.0,5.9,0.0,0.0,0.0,1.0,0.0,0.0,0
399,399.0,58.0,80.0,1.025,0.0,0.0,1.0,1.0,0.0,0.0,131.0,18.0,1.1,141.0,3.5,15.8,53.0,6800.0,6.1,0.0,0.0,0.0,1.0,0.0,0.0,0
400,275.1232751109531,26.470605720323054,76.69466121873995,1.025,0.0,0.0,1.0,1.0,0.0,0.0,108.52099591405496,33.834733060937,1.0669466121873996,145.330533878126,4.082633469531501,14.729694041563807,41.0,7200.0,5.0,0.0,0.0,0.0,1.0,0.0,0.0,0
401,336.593453424729,44.187636880894324,69.84363593258806,1.025,0.0,0.0,1.0,1.0,0.0,0.0,92.62545626964776,39.65599905169373,0.9031272813482388,141.09381844044717,4.896872718651761,13.995309077977641,51.89054515281164,7500.0,6.190618155955284,0.0,0.0,0.0,1.0,0.0,0.0,0
402,282.40652448397515,43.16163553695287,80.0,1.025,0.0,0.0,1.0,1.0,0.0,0.0,124.18938667364267,29.108568905166237,0.8540408884238218,135.0,4.238721184565096,14.07382340562465,43.72979555788089,6200.0,5.219782517200828,0.0,0.0,0.0,1.0,0.0,0.0,0
403,263.4972511546642,35.923222772633544,80.0,1.025,0.0,0.0,1.0,1.0,0.0,0.0,90.47165874554203,34.477156436213676,0.5394881518175569,145.1846445545267,4.642047392729772,14.629251188168697,43.57952607270228,9039.488151817557,4.578976303635114,0.0,0.0,0.0,1.0,0.0,0.0,0
404,298.92509279144656,53.15255063928545,80.0,1.0214674408735902,0.0,0.0,1.0,1.0,0.0,0.0,128.1846537286655,30.45673984379684,0.7,140.29348817471805,4.33479053977443,14.25325591264098,49.706511825281964,5029.348817471804,4.646744087359019,0.0,0.0,0.0,1.0,0.0,0.0,0
405,389.507206204972,51.59168514126255,79.71840354569831,1.0249296008864246,0.0,0.0,1.0,1.0,0.0,0.0,98.94368070913966,24.985920177284914,0.8,135.14079822715084,3.71830376952961,15.0,52.0,6300.0,5.290144124099441,0.0,0.0,0.0,1.0,0.0,0.0,0
406,261.9536961635522,55.77221769813132,60.0,1.0240057879795559,0.0,0.0,1.0,1.0,0.0,0.0,101.18726644497686,40.386108849065664,0.7801157595911196,135.0,3.958495125315447,13.258495125315447,47.21041836320075,8300.0,5.319305442453283,0.0,0.0,0.0,1.0,0.3976848081776103,0.3976848081776103,0
407,285.2162817646647,49.2370575120432,74.226839054973,1.0235567097637432,0.0,0.0,1.0,1.0,0.0,0.0,131.05160053520814,14.6185287560216,1.113402585824595,139.32987070877024,4.971134195274865,15.0,49.1546321890054,10428.865804725136,4.78865804725135,0.0,0.0,0.0,1.0,0.0,0.0,0
408,308.76772378337307,52.18737270231064,72.09824459468794,1.023950877702656,0.0,0.0,1.0,1.0,0.0,0.0,117.27228202690567,27.741053243187235,0.7,137.83929783787516,3.6468771216281564,16.770526621593618,50.32140432424964,7004.196489189376,5.3,0.0,0.0,0.0,1.0,0.0,0.0,0
409,337.5463602269709,29.12252032784685,72.11919949562022,1.025,0.0,0.0,1.0,1.0,0.0,0.0,119.48343964693416,30.940068168967223,0.9393707941996325,135.605959974781,3.736424015131393,15.715232020175192,45.75828017653292,5560.595997478101,4.972848030262787,0.0,0.0,0.0,1.0,0.0,0.0,0
410,266.9898762801396,48.52601757026698,80.0,1.02,0.0,0.0,1.0,1.0,0.0,0.0,96.41040702810679,40.1473982429733,0.5926300878513349,149.18930966364684,4.536849560743326,14.384247803716626,48.294796485946605,10477.890263554005,5.0,0.0,0.0,0.0,1.0,0.0,0.0,0
411,282.1439946738989,39.55753917851361,79.65107702550195,1.02,0.0,0.0,1.0,1.0,0.6978459489961111,0.6978459489961111,120.48554184156417,26.093537846988333,0.6302154051003889,138.25538512750973,4.379138379598444,14.748922974498056,49.30215405100389,5000.0,4.7442460821486385,0.0,0.0,0.0,1.0,0.0,0.0,0
412,346.4897580532627,44.70080648912439,60.850403244562195,1.025,0.0,0.0,1.0,1.0,0.0,0.0,109.87088713803682,26.02048389347463,0.9914959675543781,144.51024194673732,5.0,17.425822572392637,42.82991935108756,7208.504032445622,5.431967740435025,0.0,0.0,0.0,1.0,0.0,0.0,0
413,290.8010801781144,44.5998456888408,71.49961422210201,1.0211748263999458,0.17000771555795988,0.0,1.8500385777897992,1.8500385777897992,0.0,0.0,108.3993827553632,26.199691377681606,0.9,149.40015431115918,3.64498842666306,14.835042435568779,49.7000771555796,9585.00385777898,6.245065582242659,0.0,0.0,0.0,1.0,0.0,0.0,0
414,320.8538452810326,48.09011213448766,75.50549325861796,1.02,0.0,0.0,1.0,1.0,0.0,0.0,111.35933853965054,29.831872246560714,0.9247253370691016,145.05604258447977,4.630329595517078,15.363362555068786,42.47747196637808,8094.494506741382,5.1037032505688655,0.0,0.0,0.0,1.0,0.0,0.0,0
415,269.4770505824521,24.427539301057532,80.0,1.0245229494175478,0.0,0.0,1.0,1.0,0.0,0.0,119.66425836913425,19.381640465961645,1.1522949417547943,141.9045898835096,4.833212918456712,14.942753930105754,47.618359534038355,6911.449213978849,5.3,0.0,0.0,0.0,1.0,0.0,0.0,0
416,381.62918174780174,56.52881980056013,76.29181747801734,1.025,0.0,0.0,1.3708182521982664,1.3708182521982664,0.0,0.0,76.48327300879306,31.27045630495666,0.6887545243405201,138.85409126099134,4.925836349560346,16.725836349560346,46.920999225819074,5925.836349560347,6.27750904868104,0.0,0.0,0.0,1.0,0.0,0.0,0
417,306.76669762252595,53.44206263318036,60.0,1.0223246349893456,0.20065237579908218,0.0,1.6688412526636074,1.6688412526636074,0.0,0.0,119.8344206263318,36.092326781430565,0.7086300108219274,139.00652375799083,4.633115874733639,15.337682505327214,42.337682505327216,4500.0,5.098695248401836,0.0,0.0,0.0,1.0,0.0,0.0,0
418,369.34747522426755,60.65252477573244,80.0,1.025,0.0,0.0,1.0,1.0,0.0,0.0,90.98213655881992,33.98660241911494,0.6002232930147511,140.0632428404405,4.567150468198627,17.465922356617497,46.33854350367752,5933.407764338251,5.6343009363972545,0.0,0.0,0.0,1.0,0.0,0.0,0
419,302.7218309720918,54.22610663687682,60.0,1.025,0.0,0.0,1.0,1.0,0.0,0.0,122.53923539667636,22.730382301661816,1.0408702212292273,146.40870221229227,4.818259557541546,14.941725354186227,45.0,7618.259557541545,5.363480884916909,1.1825955754154542,1.1825955754154542,1.1825955754154542,1.0,0.0,0.0,0
420,305.9122411084372,49.46168469441731,72.74721792990064,1.0236263910350496,0.0,0.0,1.0,1.0,0.0,0.0,116.42861669112916,27.351669242059614,0.7,138.09888717196026,3.692305255093045,16.575834621029806,49.802225656079486,7005.494435859801,5.3,0.0,0.0,0.0,1.0,0.0,0.0,0
421,337.89761833474137,40.806217129238505,80.0,1.02,0.0,0.0,1.0,1.0,0.0,0.0,107.41865138771551,26.296164536020115,0.8367460555086208,140.26507888982758,3.7244973703390802,14.76738632576322,42.8775131483046,7266.325394449138,5.704058151948851,0.0,0.0,0.0,1.0,0.0,0.0,0
422,327.40487750295455,42.80731811933717,66.1707312524621,1.023085365626231,0.0,0.0,1.0,1.0,0.0,0.0,108.76414606400188,39.126829996060636,1.076585374950758,150.0,4.885121937573863,15.453170749901517,44.0,10461.70731252462,6.138292687475379,0.0,0.0,0.0,1.0,0.0,0.0,0
423,334.7736967631128,59.151362861673114,60.0,1.0201414395230546,0.0,0.0,1.0,1.0,0.0,0.0,133.60396933544746,44.60396933544745,0.5084863713832688,139.31116695071987,4.794342419077821,14.177369676311283,47.88684838155641,10700.0,5.605657580922179,0.0,0.0,0.0,1.0,0.0,0.0,0
424,297.33805206692693,70.43153501252343,61.51086175733916,1.0207554308786695,0.0,0.0,1.0,1.0,0.0,0.0,118.38808798316677,47.69782764853217,0.6057603230137413,147.73370736399124,3.7115206460274823,15.220868940587133,51.69782764853217,11000.0,4.760434470293567,0.3021723514678323,0.3021723514678323,0.3021723514678323,1.0,0.0,0.0,0
425,270.3569829840861,38.83481143650538,65.56540957670254,1.02,0.0,0.0,1.0,1.0,0.0,0.0,99.62638484388893,32.93902473281361,0.7278270478835127,135.8348114365054,4.061751622485665,14.862638484388894,44.608647605824366,9100.0,5.633037712698924,0.0,0.0,0.0,1.0,0.0,0.0,0
426,296.3950801046863,24.01174363573225,67.64015080251045,1.0211799245987447,0.0,0.0,1.0,1.0,0.0,0.0,120.16818096301253,41.8761357222594,0.9528030160502089,135.0,3.8707954759246865,14.97757587159833,45.415909518493734,5500.0,5.01238642777406,0.0,0.0,0.0,1.0,0.0,0.0,0
427,344.8410248414199,55.574018639921604,70.0,1.025,0.0,0.0,1.0,1.0,0.0,0.0,118.98906212126307,37.25606832276132,0.7975726708954705,148.46359006343206,4.9487863354477355,14.347452794216899,42.53640993656794,7325.606832276132,5.0584956518658535,0.0,0.0,0.0,1.0,0.0,0.0,0
428,315.15381998399766,78.86785949292393,70.4043358953843,1.0202021679476923,0.0,0.0,1.0,1.0,0.0,0.0,115.98432546516977,29.2220922060309,0.8671696487323097,135.0,4.083826564184627,15.287869923138471,48.16173435815372,6300.0,6.067653128369255,0.0,0.0,0.0,1.0,0.0,0.0,0
429,305.1677280573767,48.15734844125685,60.0,1.0214466855515711,0.0,0.0,1.0,1.0,0.0,0.0,106.10662889685787,28.761382434084766,1.0131988669057364,139.26397733811473,4.410662889685788,14.989856091120206,43.3146968825137,8300.0,5.2,0.0,0.0,0.0,1.0,0.0,0.0,0
430,308.0950299192637,46.7742531329893,61.108908208118315,1.0205544541040592,0.0,0.0,1.0,1.0,1.7782183583763373,1.7782183583763373,116.1069255954248,27.330689849741976,0.7332672462435493,141.11089082081182,4.133465507512901,14.85584193294462,43.44356328324733,9200.0,5.700198261269351,0.0,0.0,0.0,1.0,0.0,0.0,0
431,384.9412319402954,62.393365018657704,71.21326996268459,1.025,0.0,0.0,1.0,1.0,0.0,0.0,128.36398098880537,28.10473954291271,1.1,140.12132699626846,3.631800950559731,16.502938402985233,51.68199049440269,6756.066349813423,6.1,0.0,0.0,0.0,1.0,0.0,0.0,0
432,363.41203441634775,41.47220649808664,77.98280797664604,1.023991403988323,0.0,0.0,1.0,1.0,0.0,0.0,92.63094564203713,24.84985686772649,1.0394842392993813,144.0,4.697421196496906,14.717593116730445,41.210315214012375,10300.0,4.8,0.0,0.0,0.0,1.0,0.0,0.0,0
433,316.2313285341209,55.938127638938326,77.91527191347039,1.02,0.0,0.0,1.0,1.0,0.0,0.0,104.20847280865296,27.895763595673518,0.8791527191347039,142.83389123461185,4.643645393510279,16.997714427453207,50.957635956735196,8189.576359567352,4.789576359567352,0.0,0.0,0.0,1.0,0.0,0.0,0
434,299.9803583009332,43.295557321814655,70.49259553635777,1.0223768511159106,0.0,0.0,1.0,1.0,0.0,0.0,116.77092754499677,33.42611066954633,1.0098519107271553,137.09851910727156,3.9950740446364224,16.61970382145431,45.278332008639005,5552.462977681789,5.28029617854569,0.0,0.0,0.0,1.0,0.0,0.0,0
435,344.677417564307,30.240693136283397,65.63275571976384,1.02,0.0,0.0,1.0,1.0,0.0,0.0,97.17121298849594,44.18362214011808,0.7620346568141698,138.18362214011808,4.111414199233063,14.042431527640147,48.0,7000.0,5.031017328407085,0.0,0.0,0.0,1.0,0.0,0.0,0
436,382.52241956786935,63.387902160653184,70.0,1.025,0.0,0.0,1.6955160864261276,1.6955160864261276,0.0,0.0,85.39416218505133,47.0,0.5,142.0,4.404170912353965,16.539103217285227,40.91345174072162,5769.551608642612,6.0826903481443235,0.0,0.0,0.0,1.0,0.0,0.0,0
437,339.7054047325767,25.48328636014689,60.0,1.0243033427279706,0.0,0.0,1.0,1.0,0.0,0.0,102.57325817623503,17.860668545594123,1.102467981915887,139.67197745287052,4.1885348364752994,13.513933145440587,42.278662908811754,7900.0,6.135270236628837,0.0,0.0,0.0,1.0,0.0,0.0,0
438,327.34942731366266,39.79116524144437,73.95582620722183,1.025,0.0,0.0,1.0,1.0,0.0,0.0,119.2530085513338,32.28514813877675,0.6395582620722182,138.18674786216656,4.274699144866619,14.824097434599858,46.560243586499645,7200.0,5.588453917252764,0.0,0.0,0.0,1.0,0.0,0.0,0
439,319.3904654781004,41.15936436520669,64.60158908698327,1.025,0.0,0.0,1.0,1.0,0.0,0.0,115.36254253917323,23.61952327390502,0.8159364365206693,140.7788876391117,4.4478093095620075,15.775300801727361,43.0,7200.0,5.476992054565084,0.0,0.0,0.0,1.0,0.0,0.0,0
440,387.6091836742043,22.513265315186466,80.0,1.025,0.0,0.0,1.0,1.0,0.0,0.0,94.21836734840862,18.624489797878155,0.8796938775265231,135.79693877526523,3.859387755053046,16.35479591795089,50.406122449469535,6220.3061224734765,5.2203061224734775,0.0,0.0,0.0,1.0,0.0,0.0,0
441,296.0002500609413,30.171439288326056,80.0,1.02028573214721,0.0,0.0,1.0,1.0,0.0,0.0,89.0,40.68563212283357,0.5342878576652114,139.2857321472101,5.0,16.602851069948567,51.31424284669578,10205.714642944202,4.988570714111596,0.0,0.0,0.0,1.0,0.0,0.0,0
442,373.7795783967936,69.39546186595415,74.01134533511464,1.025,0.0,0.0,1.598865466488536,1.598865466488536,0.0,0.0,87.02269067022928,44.19205826541975,0.5,141.8395461865954,4.619489459919841,17.081361440213758,41.60453813404585,5840.113453351147,5.619205826541975,0.0,0.0,0.0,1.0,0.0,0.0,0
443,292.44172053568235,47.89569866079409,66.94784933039705,1.02,0.0,0.0,1.6947849330397045,1.6947849330397045,1.3895698660794091,1.3895698660794091,80.57822600440443,34.409516406166205,0.7831290401761772,142.64263426343675,3.8052150669602955,14.403220412951617,50.77913973215882,8461.04301339206,5.594784933039705,0.0,0.0,0.0,1.0,0.0,0.0,0
444,388.7405849166713,51.79298241477113,78.80467839015257,1.0205976608049236,0.0,0.0,1.1195321609847424,1.1195321609847424,0.0,0.0,130.7843276287934,42.892163814396696,0.8239064321969485,139.35859648295423,4.976093567803051,14.339064321969484,44.76093567803051,9511.953216098475,4.588046783901525,0.0,0.0,0.0,1.0,0.0,0.0,0
445,304.7202862141545,51.21770240668966,60.0,1.0225025838074648,0.18730621444013798,0.0,1.6243540481337932,1.6243540481337932,0.0,0.0,119.8121770240669,35.56737776797876,0.7366569496757103,138.8730621444014,4.63756459518662,15.248708096267586,42.248708096267585,4500.0,5.125387571119724,0.0,0.0,0.0,1.0,0.0,0.0,0
446,325.30564199136,29.15676208410972,60.0,1.0218303515862694,0.0,0.0,1.0,1.0,0.0,0.0,126.895846298704,37.21588882127726,0.9679957477426742,139.81746525664914,4.488690105751314,15.056549471243429,48.748029455785144,4359.126737167543,5.711309894248686,0.0,0.0,0.0,1.0,0.0,0.0,0
447,375.20220664611026,59.36264350424324,77.89011480339458,1.025,0.0,0.0,1.0,1.0,0.0,0.0,81.48131057439893,43.94505740169729,0.6210988519660541,137.6835172205092,3.5632965558981624,16.110549425983027,50.0,5410.5494259830275,5.7,0.0,0.0,0.0,1.0,0.0,0.0,0
448,272.2613828193164,61.956829691589846,60.0,1.0227173271475853,0.0,0.0,1.0,1.0,0.0,0.0,104.02188027531201,43.47841484579492,0.754346542951709,135.0,4.293494941627784,13.593494941627783,44.89118886565381,8300.0,5.473920742289746,0.0,0.0,0.0,1.0,0.9130691409658205,0.9130691409658205,0
449,292.6113792375407,53.446786883494994,67.81559562783167,1.0210922021860842,0.0,0.0,1.0,1.0,0.0,0.0,116.2485140986408,31.781559562783166,1.0422834644627814,141.87178054705507,4.443688087443367,15.744678688349499,43.218440437216834,10778.155956278317,5.721844043721683,0.0,0.0,0.0,1.0,0.0,0.0,0
450,292.75423140750013,38.41462932231476,71.66980104259268,1.025,0.0,0.0,1.0,1.0,0.0,0.0,125.91745026064817,41.33207958296293,0.7666039791481465,135.0,4.358160942657403,14.182925864462952,47.08254973935183,6241.650994787036,4.6249529843611095,0.0,0.0,0.0,1.0,0.0,0.0,0
451,264.28710161676037,56.49840776756605,77.66560517837736,1.025,0.0,0.0,1.0,1.0,0.0,0.0,129.71608284810756,12.451114562703765,0.5350159223243396,146.46687896432454,4.953312103567547,14.371608284810755,41.350159223243395,10700.0,5.181703818756792,0.0,0.0,0.0,1.0,0.0,0.0,0
452,368.05392987396834,70.2973800840211,73.24345021005274,1.0216217251050264,0.0,0.0,1.0,1.0,0.0,0.0,94.35207573518458,42.64869004201055,1.037827489497363,138.35130995798946,3.6351309957989453,15.745916970592615,48.37827489497363,9300.0,5.172958485296308,0.0,0.0,0.0,1.0,0.0,0.0,0
453,308.1164818119731,54.02329636239461,80.0,1.02,0.0,0.0,1.0,1.0,0.0,0.0,102.90120840769394,28.854615682904715,0.9,141.75582409059865,4.714538431709529,17.0643702474277,51.35293384008643,8200.0,4.854939579615303,0.0,0.0,0.0,1.0,0.0,0.0,0
454,258.76965892346254,39.655532428845376,80.0,1.025,0.0,0.0,1.0,1.0,0.0,0.0,86.98816973307765,40.4488518861526,0.5643702161923025,145.93110648576908,4.5425191352307905,15.151774540038353,44.5748086476921,9064.370216192303,4.628740432384605,0.0,0.0,0.0,1.0,0.0,0.0,0
455,325.20485324637264,28.559029350725474,69.06828441545754,1.02,0.0,0.0,1.0,1.0,1.813656883091508,1.813656883091508,127.27313766183016,30.86343116908492,0.6559029350725476,144.06828441545753,4.862731376618302,13.608819412985492,45.27951467536274,8600.0,6.350925506473207,0.0,0.0,0.0,1.0,0.0,0.0,0
456,320.9049257456924,34.6262482395388,60.0,1.02,0.0,0.0,1.0,1.0,0.0,0.0,130.10816476784558,17.72132249384635,1.1,136.6327934963078,4.481639674815391,15.26137786454463,43.03802970172302,8350.950742543075,5.272786775061537,0.0,0.0,0.0,1.0,0.0,0.0,0
457,364.5907604821654,50.48763325461678,80.0,1.025,0.0,0.0,1.0,1.0,0.0,0.0,83.8184790356691,16.40923951783455,0.7113859276751826,142.05692963837592,4.093233831242093,15.0,43.886140723248175,10429.538024108273,5.123845060270681,0.0,0.0,0.0,1.0,0.0,0.0,0
458,316.99791849201875,57.99843886901405,70.00520376995316,1.02,0.0,0.0,1.0,1.0,0.0,0.0,102.00104075399064,47.98959246009368,1.1998438869014052,139.00156113098595,4.300260188497658,15.001196867089226,40.00624452394379,8100.052037699532,4.899947962300469,0.0,0.0,0.0,1.0,0.0,0.0,0
459,264.4743114366583,42.51794491493266,80.0,1.019676284428167,0.3884586861994986,0.0,1.6474311436658309,1.6474311436658309,0.0,0.0,99.29486228733167,38.7755031663091,0.8237155718329154,140.0,4.4711467154987465,15.453834744797994,49.82688029299248,8464.743114366584,5.111541313800502,0.0,0.0,0.0,1.0,0.0,0.0,0
460,324.82868754894815,39.95218741841971,73.90437483683942,1.025,0.0,0.0,1.0,1.0,0.0,0.0,114.76093709209854,28.476093709209856,1.0390437483683943,143.91434377447408,4.542828112762956,15.351393735315547,45.914343774474084,7800.0,4.682868754894817,0.0,0.0,0.0,1.0,0.0,0.0,0
461,330.77927222399524,32.16465585314294,71.64655853142942,1.025,0.0,0.0,1.0,1.0,0.0,0.0,100.0,30.317246825143535,1.1164655853142942,142.0,4.4176720734285295,14.728105218171649,44.481902678286474,6700.0,5.9164655853142945,0.0,0.0,0.0,1.0,0.0,0.0,0
462,292.80693586934007,60.0,70.68178838750885,1.0226704470968773,0.0,0.0,1.0,1.0,0.0,0.0,132.39773174187368,26.30687032185953,0.5,142.7386259356281,4.906817883875088,14.360226825812632,44.26137406437191,10700.0,5.332955290312278,0.0,0.0,0.0,1.0,0.0,0.0,0
463,350.515170028641,46.45387896892339,75.15170028641018,1.022424149856795,0.0,0.0,1.4848299713589832,1.4848299713589832,0.0,0.0,83.96965994271797,34.93993083058949,0.9484829971358983,140.45448991407696,4.027244957038475,16.821238040097423,41.45448991407695,9754.551008592305,4.603034005728204,0.0,0.0,0.0,1.0,0.0,0.0,0
464,262.23192429601244,53.0756396710973,80.0,1.0215378198355487,0.0,0.0,1.0,1.0,0.0,0.0,107.45717488173081,30.77308098670811,0.569243603289027,148.76974413156108,4.653781983554865,14.292269190132918,45.847052230231895,10561.512793421945,5.030756396710973,0.0,0.0,0.0,1.0,0.0,0.0,0
465,298.27413301256007,50.7717726731793,77.30587666201478,1.025,0.0,0.0,1.0,1.0,0.0,0.0,122.92235066480592,39.95881499302218,0.9191762998604436,139.19176299860445,4.52282273268207,15.573530834496303,43.96353567178374,7000.0,5.592235066480591,0.0,0.0,0.0,1.0,0.0,0.0,0
466,287.4830459578041,49.385112988301195,75.11748955504451,1.0212206276112388,0.0,0.0,1.0,1.0,0.0,0.0,125.432108810319,17.0,1.0046995822017806,137.92950626697328,4.775587447775223,13.541775731146883,41.0,6800.0,5.251174895550445,0.0,0.0,0.0,1.0,0.0,0.0,0
467,354.9317762287369,37.038985012150334,76.63417915654139,1.0241585447891353,0.0,0.0,1.0,1.0,0.0,0.0,91.6926566747669,24.048731265187918,1.116829104217293,145.00974625303758,4.949512687348121,15.117803729521052,40.67316416869172,10316.829104217293,5.035607459042103,0.0,0.0,0.0,1.0,0.0,0.0,0
468,311.467740410312,36.56292658719211,64.3752843914614,1.025,0.0,0.0,1.0,1.0,0.0,0.0,122.40640641530378,26.405951388965526,0.734370734128079,149.12494312170773,4.687505687829228,13.640640641530377,43.34370734128079,10700.0,5.646865046298851,0.0,0.0,0.0,1.0,0.0,0.0,0
469,258.37153003026015,45.58102002017341,80.0,1.0222094899899132,0.0,0.0,1.0,1.0,0.0,0.0,116.00161391325433,26.743060060520236,0.8651387987895953,143.37153003026012,4.72094899899133,14.553518398386126,48.0,10455.810200201735,4.77905100100867,0.0,0.0,0.0,1.0,0.0,0.0,0
470,329.0191808552902,31.615344684232163,64.0383617105804,1.025,0.0,0.0,1.0,1.0,0.0,0.0,116.40585807758343,31.80767234211608,0.8807672342116082,150.0,4.761534468423216,14.167288725010279,44.0,10619.232765788392,5.921150851317412,0.0,0.0,0.0,1.0,0.0,0.0,0
471,362.74043101156406,67.45424572976287,78.70215505782036,1.024675538764455,0.0,0.0,1.0,1.0,0.0,0.0,98.28618528180121,40.64892247108982,0.5064892247108982,141.95041813438849,4.307820039379162,17.76106465173461,44.58403022398083,5906.489224710898,5.154575427023713,0.0,0.0,0.0,1.0,0.0,0.0,0
472,267.4451842049192,32.03132331147476,74.92169172131311,1.0237304229303281,0.0,0.0,1.0,1.0,0.0,0.0,94.73042293032827,27.793069553277792,0.5507830827868689,141.7147612745909,4.520693044672221,13.850783082786869,43.015661655737375,9025.391541393434,4.830090038114648,0.0,0.0,0.0,1.0,0.0,0.0,0
473,341.04998299458236,24.715636691224613,60.0,1.025,0.0,0.0,1.0,1.0,0.0,0.0,92.80310693174378,19.72813243987021,1.1259371811484196,139.97500850270882,4.102499149729119,13.64812563770316,43.481256377031606,7875.31239371614,6.079061118309818,0.0,0.0,0.0,1.0,0.0,0.0,0
474,324.54739835305986,44.34065299876233,73.03695727160212,1.0215184786358011,0.0,0.0,1.0,1.0,0.0,0.0,117.1039110938345,34.05195554691725,0.6607391454320424,138.48152136419895,4.605195554691725,16.25334769111162,44.34065299876233,6300.0,5.7177825637038735,0.0,0.0,0.0,1.0,0.0,0.0,0
475,342.1086000287155,43.0,65.75458820151115,1.0235613529496221,0.0,0.0,1.0,1.0,0.0,0.0,109.72637646045335,27.014105870528905,1.028772941007556,141.41043530931998,4.6834976489168865,17.19001365063982,42.712270589924444,7211.509176403022,5.40217200057431,0.0,0.0,0.0,1.0,0.0,0.0,0
476,394.5557392101398,55.2961738599068,80.0,1.02,0.0,0.0,1.0,1.0,0.0,0.0,138.9633914903262,48.8519130700466,0.60366085096738,149.5557392101398,4.81114784202796,15.56672176304194,46.8519130700466,6685.19130700466,4.98885215797204,0.0,0.0,0.0,1.0,0.0,0.0,0
477,378.95932873088094,61.92543600661508,80.0,1.0249887024252446,0.0,0.0,1.0,1.0,0.0,0.0,77.98192388039153,44.93447406641931,0.6002259514951058,138.0,3.5,16.09457716411746,50.00903805980423,5400.0,5.700225951495106,0.0,0.0,0.0,1.0,0.0,0.0,0
478,276.397598700219,27.736649413983265,72.66781014275286,1.02,0.0,0.0,1.0,1.0,0.0,0.0,122.73321898572472,40.79862782869658,1.053356202855057,136.06712405710115,3.8266781014275284,15.240274434260684,43.19965695717414,5526.678101427528,4.826678101427529,0.0,0.0,0.0,1.0,0.0,0.0,0
479,318.3218337191469,30.56124106001633,60.23385044167347,1.02,0.0,0.0,1.023385044167347,1.023385044167347,0.046770088334694204,0.046770088334694204,136.55012726162448,15.304005574175513,1.0883074779163264,135.25723548584082,4.378953460249388,15.05391988851649,43.991757362172244,8370.70155132502,5.314031026500409,0.0,0.0,0.0,1.0,0.0,0.0,0
480,329.3063688523668,60.34348117313701,65.88962986681769,1.022055185066591,0.0,0.0,1.0,1.0,0.0,0.0,114.39866623972816,32.16555519977347,1.1,140.35461486936808,4.0827022336072485,17.164414805327294,50.0,6700.0,6.1,0.0,0.0,0.0,1.0,0.0,0.0,0
481,302.31441262207204,33.793217589613164,80.0,1.025,0.0,0.0,1.0,1.0,0.0,0.0,127.70254340389506,37.30593460908848,0.619830439740329,135.0,3.926440586320439,13.17601668567126,44.900847801298355,6200.0,4.556186245930932,0.0,0.0,0.0,1.0,0.0,0.0,0
482,343.4154987361868,54.373218799332925,73.45071248026683,1.0232746437598665,0.0,0.0,1.0,1.0,0.0,0.0,119.30279131117283,30.788717535519705,0.7619715007893268,148.96478625591996,4.482393127959975,13.469014249605337,42.035213744080046,7300.0,5.286621121645362,0.0,0.0,0.0,1.0,0.0,0.0,0
483,313.4541894884386,49.70916210231228,60.0,1.0231717567235068,0.0,0.0,1.0,1.0,0.0,0.0,108.32137823872864,33.31297310597272,0.8171756723506819,143.07481075761092,4.644045941290955,15.507481075761092,46.82824327649318,7700.0,5.6022135208285,1.2687026894027276,1.2687026894027276,1.2687026894027276,1.0,0.0,0.0,0
484,351.43485110049494,57.722821806219066,73.19294548445234,1.0234035272577737,0.0,0.0,1.0,1.0,0.0,0.0,133.19294548445234,42.19294548445233,0.6361410903109533,147.9578836453357,4.763858909689047,14.202448006579512,46.319294548445235,6700.0,4.627717819378093,0.0,0.0,0.0,1.0,0.0,0.0,0
485,276.10794375072885,39.1597195835115,70.61869166634273,1.0226546729165857,0.0,0.0,1.0,1.0,0.9381308333657272,0.9381308333657272,117.71654208321995,26.530934583317137,0.9654672916585681,142.5928037499514,4.040719625004859,14.256691583356009,47.77841124985423,9200.0,6.065467291658568,0.0,0.0,0.0,1.0,0.0,0.0,0
486,355.07291316329884,64.53792860804657,75.52216835426908,1.0227610841771344,0.0,0.0,1.0,1.0,0.0,0.0,106.92576201294372,26.970245924121603,0.8313448215201164,135.0,3.8791132658292367,15.134334949371928,50.20886734170763,6300.0,5.658226531658473,0.0,0.0,0.0,1.0,0.0,0.0,0
487,317.2933963360699,44.91817602021539,71.05786178142657,1.02,0.0,0.0,1.447106910928672,1.447106910928672,0.0,0.0,123.47106910928672,19.47106910928672,0.923553455464336,145.08182397978462,4.944710691092867,16.348544642830156,42.488018900820975,8094.471069109287,5.551677353885064,0.0,0.0,0.0,1.0,0.0,0.0,0
488,318.727516067317,48.814606552241216,80.0,1.0229634836193968,0.0,0.0,1.0,1.0,0.0,0.0,128.1095491418091,38.29494258956788,0.8592696723879394,143.14887706715575,4.348033603732667,13.98146065522412,46.77809017163818,9500.0,4.718539344775879,0.0,0.0,0.0,1.0,0.0,0.0,0
489,386.3700272407174,44.0510932423253,60.0,1.025,0.0,0.0,1.0,1.0,0.0,0.0,118.21279989499072,42.81696018901669,0.732341330533086,141.4851199579963,4.424255997899815,13.0565973284329,53.272320063005566,7408.085332633272,5.416170665266543,0.0,0.0,0.0,1.0,0.0,0.0,0
490,373.8634969878245,58.369654456061404,76.30345543938596,1.025,0.0,0.0,1.0,1.0,0.0,0.0,130.6303455439386,25.762743577289495,0.9521382175754383,143.21792673636844,3.9435853472736855,14.94979475105877,50.41241880757017,6763.034554393859,5.508552870301752,0.0,0.0,0.0,1.0,0.0,0.0,0
491,308.0400822837352,55.336240678948315,72.42159938277426,1.0198789200308613,0.09686397531097035,0.0,1.242159938277426,1.242159938277426,0.0,0.0,99.82056055550316,44.36760092583861,1.1273520185167722,140.21079969138714,4.348431987655485,14.588328104928376,42.90591925932911,8100.0,4.972647981483228,0.0,0.0,0.0,1.0,0.0,0.0,0
492,265.62197829465924,44.456515614838125,80.0,1.0240156987818994,0.0,0.0,1.0,1.0,0.0,0.0,123.77174219258094,33.98430121810052,0.9196860243620104,146.1968602436201,3.8803139756379896,13.939372048724021,47.40941926913969,9480.31397563799,4.898430121810052,0.0,0.0,0.0,1.0,0.0,0.0,0
493,314.1635285500717,55.64360761335246,78.94060126889208,1.02,0.0,0.0,1.0,1.0,0.0,0.0,110.81202537784154,26.054509516690576,1.0118797462215847,148.58909809666187,4.18860917522015,16.26387183989351,46.118797462215845,4700.0,4.976729428998565,0.0,0.0,0.0,1.0,0.0,0.0,0
494,300.7679239725278,43.91711570447421,60.165768591051574,1.025,0.0,0.0,1.0,1.0,0.0,0.0,96.46415205494439,32.81765454984327,0.8950269422684529,146.83423140894843,4.48839619862639,16.841980993131948,41.033153718210315,7200.0,5.007459586597321,0.0,0.0,0.0,1.0,0.0,0.0,0
495,341.7506265826712,61.98824442444553,72.02351115110893,1.0219941222122226,0.0,0.0,1.0,1.0,0.0,0.0,109.97061106111383,46.410580017999024,1.1601175557555448,139.60117555755545,3.619647332733366,15.35600310431148,50.0,6700.0,6.340470223022178,0.0,0.0,0.0,1.0,0.0,0.0,0
496,310.44413383190835,30.652113141025545,71.83568126780617,1.02,0.0,0.0,1.0,1.0,0.0,0.0,121.86009245014276,39.4107968304846,1.0715023112535689,145.36713625356123,4.724647809829076,14.579718247863262,47.26572749287754,7267.342725071225,5.354967202279189,0.0,0.0,0.0,1.0,0.0,0.0,0
497,283.54704399950566,51.580141499814616,72.01654875015448,1.02,0.0,0.0,1.798345124984551,1.798345124984551,1.5966902499691022,1.5966902499691022,80.43640725033987,26.386760999876408,0.5798345124984551,144.7900707499073,3.5,14.618510612486096,50.38676099987641,8400.0,5.819338049993821,0.0,0.0,0.0,1.0,0.0,0.0,0
498,277.3827789448297,52.4378017525877,76.9856491206914,1.0242464122801729,0.0,0.0,1.0,1.0,0.0,0.0,124.12201578534825,47.889954384483985,1.1246412280172853,145.19138947241484,4.804067192844942,15.273923684051855,41.753587719827145,9100.0,5.969856491206914,0.0,0.0,0.0,1.0,0.0,0.0,0
499,253.52459633022215,39.409813455852095,80.0,1.025,0.0,0.0,1.0,1.0,0.0,0.0,101.81975229288803,37.81962691170419,0.9049192660444312,145.47540366977785,4.14590061162964,14.731142813496348,49.04919266044431,9150.819877674072,5.51311804278515,0.0,0.0,0.0,1.0,0.0,0.0,0
